2018-11-27 06:39:07.335481 CST | observation space: Box(8,)
2018-11-27 06:39:07.335705 CST | action space: Box(2,)
2018-11-27 06:39:07.732053 CST | observation space: Box(8,)
2018-11-27 06:39:07.732243 CST | action space: Box(2,)
2018-11-27 06:39:08.248407 CST | itr #0 | Mem: 1079.449219
2018-11-27 06:39:08.248610 CST | itr #0 | Obtaining samples...
2018-11-27 06:39:08.248750 CST | itr #0 | Obtaining samples for iteration 0...
2018-11-27 06:39:09.130987 CST | itr #0 | Processing samples...
2018-11-27 06:39:09.131928 CST | itr #0 | fitting baseline...
2018-11-27 06:39:09.141545 CST | itr #0 | fitted
2018-11-27 06:39:09.141971 CST | itr #0 | Logging diagnostics...
2018-11-27 06:39:09.142311 CST | itr #0 | Optimizing policy...
2018-11-27 06:39:09.142566 CST | itr #0 | Computing loss before
2018-11-27 06:39:09.199011 CST | itr #0 | Computing KL before
2018-11-27 06:39:09.221586 CST | itr #0 | Optimizing
2018-11-27 06:39:09.261276 CST | itr #0 | Start CG optimization: #parameters: 6054, #inputs: 1053, #subsample_inputs: 1053
2018-11-27 06:39:09.294024 CST | itr #0 | computing loss before
2018-11-27 06:39:09.295374 CST | itr #0 | performing update
2018-11-27 06:39:09.295539 CST | itr #0 | computing gradient
2018-11-27 06:39:09.349072 CST | itr #0 | gradient computed
2018-11-27 06:39:09.349270 CST | itr #0 | computing descent direction
2018-11-27 06:39:09.590684 CST | itr #0 | descent direction computed
2018-11-27 06:39:09.640303 CST | itr #0 | backtrack iters: 0
2018-11-27 06:39:09.640517 CST | itr #0 | computing loss after
2018-11-27 06:39:09.640671 CST | itr #0 | optimization finished
2018-11-27 06:39:09.675584 CST | itr #0 | Computing KL after
2018-11-27 06:39:09.676835 CST | itr #0 | Computing loss after
2018-11-27 06:39:09.680351 CST | itr #0 | Saved
2018-11-27 06:39:09.680978 CST | -----------------------  --------------
2018-11-27 06:39:09.681124 CST | PolicyExecTime              0.593583
2018-11-27 06:39:09.681254 CST | EnvExecTime                 0.260469
2018-11-27 06:39:09.681398 CST | ProcessExecTime             0.015846
2018-11-27 06:39:09.681538 CST | AbsLearnSignal              0.833318
2018-11-27 06:39:09.681661 CST | Iteration                   0
2018-11-27 06:39:09.681833 CST | AverageDiscountedReturn  -193.197
2018-11-27 06:39:09.681988 CST | AverageReturn            -390.184
2018-11-27 06:39:09.682143 CST | ExplainedVariance           9.05498e-13
2018-11-27 06:39:09.682282 CST | NumTrajs                   11
2018-11-27 06:39:09.682404 CST | Entropy                     2.83788
2018-11-27 06:39:09.682527 CST | Perplexity                 17.0795
2018-11-27 06:39:09.682649 CST | StdReturn                 187.819
2018-11-27 06:39:09.682791 CST | MaxReturn                 -61.0004
2018-11-27 06:39:09.682960 CST | MinReturn                -658.68
2018-11-27 06:39:09.683082 CST | AveragePolicyStd            1
2018-11-27 06:39:09.683204 CST | LossBefore                  3.62269e-09
2018-11-27 06:39:09.683326 CST | LossAfter                  -0.0227079
2018-11-27 06:39:09.683448 CST | MeanKLBefore                0
2018-11-27 06:39:09.683570 CST | MeanKL                      0.00931514
2018-11-27 06:39:09.683691 CST | dLoss                       0.0227079
2018-11-27 06:39:09.683812 CST | Time                        1.43215
2018-11-27 06:39:09.683933 CST | ItrTime                     1.43214
2018-11-27 06:39:09.684054 CST | -----------------------  --------------
2018-11-27 06:39:09.690588 CST | itr #1 | Mem: 1265.507812
2018-11-27 06:39:09.690760 CST | itr #1 | Obtaining samples...
2018-11-27 06:39:09.690897 CST | itr #1 | Obtaining samples for iteration 1...
2018-11-27 06:39:10.456925 CST | itr #1 | Processing samples...
2018-11-27 06:39:10.458053 CST | itr #1 | fitting baseline...
2018-11-27 06:39:10.466838 CST | itr #1 | fitted
2018-11-27 06:39:10.467253 CST | itr #1 | Logging diagnostics...
2018-11-27 06:39:10.467564 CST | itr #1 | Optimizing policy...
2018-11-27 06:39:10.467786 CST | itr #1 | Computing loss before
2018-11-27 06:39:10.470299 CST | itr #1 | Computing KL before
2018-11-27 06:39:10.471481 CST | itr #1 | Optimizing
2018-11-27 06:39:10.512634 CST | itr #1 | Start CG optimization: #parameters: 6054, #inputs: 1089, #subsample_inputs: 1089
2018-11-27 06:39:10.548233 CST | itr #1 | computing loss before
2018-11-27 06:39:10.549477 CST | itr #1 | performing update
2018-11-27 06:39:10.549640 CST | itr #1 | computing gradient
2018-11-27 06:39:10.551002 CST | itr #1 | gradient computed
2018-11-27 06:39:10.551167 CST | itr #1 | computing descent direction
2018-11-27 06:39:10.610908 CST | itr #1 | descent direction computed
2018-11-27 06:39:10.614511 CST | itr #1 | backtrack iters: 1
2018-11-27 06:39:10.614683 CST | itr #1 | computing loss after
2018-11-27 06:39:10.614819 CST | itr #1 | optimization finished
2018-11-27 06:39:10.648058 CST | itr #1 | Computing KL after
2018-11-27 06:39:10.649182 CST | itr #1 | Computing loss after
2018-11-27 06:39:10.652329 CST | itr #1 | Saved
2018-11-27 06:39:10.652935 CST | -----------------------  --------------
2018-11-27 06:39:10.653078 CST | PolicyExecTime              0.47166
2018-11-27 06:39:10.653206 CST | EnvExecTime                 0.266558
2018-11-27 06:39:10.653333 CST | ProcessExecTime             0.0156789
2018-11-27 06:39:10.653457 CST | AbsLearnSignal              0.502458
2018-11-27 06:39:10.653580 CST | Iteration                   1
2018-11-27 06:39:10.653702 CST | AverageDiscountedReturn  -196.85
2018-11-27 06:39:10.653824 CST | AverageReturn            -416.012
2018-11-27 06:39:10.653946 CST | ExplainedVariance          -2.79702
2018-11-27 06:39:10.654068 CST | NumTrajs                   11
2018-11-27 06:39:10.654190 CST | Entropy                     2.86745
2018-11-27 06:39:10.654312 CST | Perplexity                 17.5922
2018-11-27 06:39:10.654434 CST | StdReturn                 151.309
2018-11-27 06:39:10.654555 CST | MaxReturn                -107.71
2018-11-27 06:39:10.654677 CST | MinReturn                -629.726
2018-11-27 06:39:10.654799 CST | AveragePolicyStd            1.01505
2018-11-27 06:39:10.654967 CST | LossBefore                  1.05088e-08
2018-11-27 06:39:10.655120 CST | LossAfter                  -0.0312679
2018-11-27 06:39:10.655280 CST | MeanKLBefore                0
2018-11-27 06:39:10.655445 CST | MeanKL                      0.00688301
2018-11-27 06:39:10.655612 CST | dLoss                       0.0312679
2018-11-27 06:39:10.655739 CST | Time                        2.40413
2018-11-27 06:39:10.655872 CST | ItrTime                     0.96193
2018-11-27 06:39:10.655995 CST | -----------------------  --------------
2018-11-27 06:39:10.656545 CST | itr #2 | Mem: 1265.644531
2018-11-27 06:39:10.656742 CST | itr #2 | Obtaining samples...
2018-11-27 06:39:10.656876 CST | itr #2 | Obtaining samples for iteration 2...
2018-11-27 06:39:11.452321 CST | itr #2 | Processing samples...
2018-11-27 06:39:11.453412 CST | itr #2 | fitting baseline...
2018-11-27 06:39:11.454151 CST | itr #2 | fitted
2018-11-27 06:39:11.454529 CST | itr #2 | Logging diagnostics...
2018-11-27 06:39:11.454833 CST | itr #2 | Optimizing policy...
2018-11-27 06:39:11.455054 CST | itr #2 | Computing loss before
2018-11-27 06:39:11.462854 CST | itr #2 | Computing KL before
2018-11-27 06:39:11.464105 CST | itr #2 | Optimizing
2018-11-27 06:39:11.508872 CST | itr #2 | Start CG optimization: #parameters: 6054, #inputs: 1071, #subsample_inputs: 1071
2018-11-27 06:39:11.545844 CST | itr #2 | computing loss before
2018-11-27 06:39:11.547164 CST | itr #2 | performing update
2018-11-27 06:39:11.547325 CST | itr #2 | computing gradient
2018-11-27 06:39:11.548911 CST | itr #2 | gradient computed
2018-11-27 06:39:11.549081 CST | itr #2 | computing descent direction
2018-11-27 06:39:11.608233 CST | itr #2 | descent direction computed
2018-11-27 06:39:11.610189 CST | itr #2 | backtrack iters: 0
2018-11-27 06:39:11.610353 CST | itr #2 | computing loss after
2018-11-27 06:39:11.610490 CST | itr #2 | optimization finished
2018-11-27 06:39:11.643963 CST | itr #2 | Computing KL after
2018-11-27 06:39:11.645053 CST | itr #2 | Computing loss after
2018-11-27 06:39:11.648261 CST | itr #2 | Saved
2018-11-27 06:39:11.648894 CST | -----------------------  --------------
2018-11-27 06:39:11.649061 CST | PolicyExecTime              0.491356
2018-11-27 06:39:11.649221 CST | EnvExecTime                 0.275696
2018-11-27 06:39:11.649379 CST | ProcessExecTime             0.0160403
2018-11-27 06:39:11.649536 CST | AbsLearnSignal              0.672835
2018-11-27 06:39:11.649691 CST | Iteration                   2
2018-11-27 06:39:11.649846 CST | AverageDiscountedReturn  -195.689
2018-11-27 06:39:11.650000 CST | AverageReturn            -438.397
2018-11-27 06:39:11.650126 CST | ExplainedVariance           0.4241
2018-11-27 06:39:11.650253 CST | NumTrajs                   10
2018-11-27 06:39:11.650462 CST | Entropy                     2.86687
2018-11-27 06:39:11.650642 CST | Perplexity                 17.582
2018-11-27 06:39:11.650822 CST | StdReturn                 169.476
2018-11-27 06:39:11.651020 CST | MaxReturn                 -80.928
2018-11-27 06:39:11.651244 CST | MinReturn                -670.841
2018-11-27 06:39:11.651511 CST | AveragePolicyStd            1.01461
2018-11-27 06:39:11.651752 CST | LossBefore                 -7.12362e-09
2018-11-27 06:39:11.651942 CST | LossAfter                  -0.0402634
2018-11-27 06:39:11.652135 CST | MeanKLBefore                0
2018-11-27 06:39:11.652315 CST | MeanKL                      0.00785129
2018-11-27 06:39:11.652445 CST | dLoss                       0.0402633
2018-11-27 06:39:11.652572 CST | Time                        3.40006
2018-11-27 06:39:11.652740 CST | ItrTime                     0.991901
2018-11-27 06:39:11.652913 CST | -----------------------  --------------
2018-11-27 06:39:11.653402 CST | itr #3 | Mem: 1265.644531
2018-11-27 06:39:11.653548 CST | itr #3 | Obtaining samples...
2018-11-27 06:39:11.653704 CST | itr #3 | Obtaining samples for iteration 3...
2018-11-27 06:39:12.412126 CST | itr #3 | Processing samples...
2018-11-27 06:39:12.413951 CST | itr #3 | fitting baseline...
2018-11-27 06:39:12.416350 CST | itr #3 | fitted
2018-11-27 06:39:12.416756 CST | itr #3 | Logging diagnostics...
2018-11-27 06:39:12.417063 CST | itr #3 | Optimizing policy...
2018-11-27 06:39:12.417286 CST | itr #3 | Computing loss before
2018-11-27 06:39:12.421203 CST | itr #3 | Computing KL before
2018-11-27 06:39:12.422380 CST | itr #3 | Optimizing
2018-11-27 06:39:12.463920 CST | itr #3 | Start CG optimization: #parameters: 6054, #inputs: 1009, #subsample_inputs: 1009
2018-11-27 06:39:12.500972 CST | itr #3 | computing loss before
2018-11-27 06:39:12.502138 CST | itr #3 | performing update
2018-11-27 06:39:12.502299 CST | itr #3 | computing gradient
2018-11-27 06:39:12.503559 CST | itr #3 | gradient computed
2018-11-27 06:39:12.503729 CST | itr #3 | computing descent direction
2018-11-27 06:39:12.561982 CST | itr #3 | descent direction computed
2018-11-27 06:39:12.563726 CST | itr #3 | backtrack iters: 0
2018-11-27 06:39:12.563997 CST | itr #3 | computing loss after
2018-11-27 06:39:12.564238 CST | itr #3 | optimization finished
2018-11-27 06:39:12.609440 CST | itr #3 | Computing KL after
2018-11-27 06:39:12.610637 CST | itr #3 | Computing loss after
2018-11-27 06:39:12.614072 CST | itr #3 | Saved
2018-11-27 06:39:12.614763 CST | -----------------------  --------------
2018-11-27 06:39:12.614906 CST | PolicyExecTime              0.465623
2018-11-27 06:39:12.615033 CST | EnvExecTime                 0.263962
2018-11-27 06:39:12.615157 CST | ProcessExecTime             0.0163534
2018-11-27 06:39:12.615279 CST | AbsLearnSignal              0.760447
2018-11-27 06:39:12.615400 CST | Iteration                   3
2018-11-27 06:39:12.615521 CST | AverageDiscountedReturn  -161.077
2018-11-27 06:39:12.615641 CST | AverageReturn            -324.718
2018-11-27 06:39:12.615762 CST | ExplainedVariance          -0.90818
2018-11-27 06:39:12.615900 CST | NumTrajs                   10
2018-11-27 06:39:12.616081 CST | Entropy                     2.87443
2018-11-27 06:39:12.616261 CST | Perplexity                 17.7154
2018-11-27 06:39:12.616384 CST | StdReturn                 168.659
2018-11-27 06:39:12.616508 CST | MaxReturn                 -75.9444
2018-11-27 06:39:12.616676 CST | MinReturn                -601.396
2018-11-27 06:39:12.616800 CST | AveragePolicyStd            1.0185
2018-11-27 06:39:12.616924 CST | LossBefore                 -3.02454e-08
2018-11-27 06:39:12.617047 CST | LossAfter                  -0.0254913
2018-11-27 06:39:12.617170 CST | MeanKLBefore                0
2018-11-27 06:39:12.617309 CST | MeanKL                      0.0094969
2018-11-27 06:39:12.617447 CST | dLoss                       0.0254913
2018-11-27 06:39:12.617570 CST | Time                        4.36588
2018-11-27 06:39:12.617694 CST | ItrTime                     0.960855
2018-11-27 06:39:12.617817 CST | -----------------------  --------------
2018-11-27 06:39:12.618418 CST | itr #4 | Mem: 1265.644531
2018-11-27 06:39:12.618593 CST | itr #4 | Obtaining samples...
2018-11-27 06:39:12.618730 CST | itr #4 | Obtaining samples for iteration 4...
2018-11-27 06:39:13.519276 CST | itr #4 | Processing samples...
2018-11-27 06:39:13.520303 CST | itr #4 | fitting baseline...
2018-11-27 06:39:13.521069 CST | itr #4 | fitted
2018-11-27 06:39:13.521441 CST | itr #4 | Logging diagnostics...
2018-11-27 06:39:13.521741 CST | itr #4 | Optimizing policy...
2018-11-27 06:39:13.521959 CST | itr #4 | Computing loss before
2018-11-27 06:39:13.528970 CST | itr #4 | Computing KL before
2018-11-27 06:39:13.530103 CST | itr #4 | Optimizing
2018-11-27 06:39:13.571468 CST | itr #4 | Start CG optimization: #parameters: 6054, #inputs: 1154, #subsample_inputs: 1154
2018-11-27 06:39:13.608249 CST | itr #4 | computing loss before
2018-11-27 06:39:13.609569 CST | itr #4 | performing update
2018-11-27 06:39:13.609748 CST | itr #4 | computing gradient
2018-11-27 06:39:13.611257 CST | itr #4 | gradient computed
2018-11-27 06:39:13.611435 CST | itr #4 | computing descent direction
2018-11-27 06:39:13.670629 CST | itr #4 | descent direction computed
2018-11-27 06:39:13.673878 CST | itr #4 | backtrack iters: 1
2018-11-27 06:39:13.674053 CST | itr #4 | computing loss after
2018-11-27 06:39:13.674189 CST | itr #4 | optimization finished
2018-11-27 06:39:13.707626 CST | itr #4 | Computing KL after
2018-11-27 06:39:13.708945 CST | itr #4 | Computing loss after
2018-11-27 06:39:13.712052 CST | itr #4 | Saved
2018-11-27 06:39:13.712767 CST | -----------------------  -------------
2018-11-27 06:39:13.712926 CST | PolicyExecTime              0.52235
2018-11-27 06:39:13.713062 CST | EnvExecTime                 0.347774
2018-11-27 06:39:13.713193 CST | ProcessExecTime             0.0174699
2018-11-27 06:39:13.713334 CST | AbsLearnSignal              0.359452
2018-11-27 06:39:13.713564 CST | Iteration                   4
2018-11-27 06:39:13.713844 CST | AverageDiscountedReturn  -155.013
2018-11-27 06:39:13.714023 CST | AverageReturn            -326.458
2018-11-27 06:39:13.714155 CST | ExplainedVariance        -117.396
2018-11-27 06:39:13.714300 CST | NumTrajs                    9
2018-11-27 06:39:13.714489 CST | Entropy                     2.88944
2018-11-27 06:39:13.714702 CST | Perplexity                 17.9833
2018-11-27 06:39:13.714925 CST | StdReturn                 139.367
2018-11-27 06:39:13.715052 CST | MaxReturn                -130.276
2018-11-27 06:39:13.715177 CST | MinReturn                -534.983
2018-11-27 06:39:13.715301 CST | AveragePolicyStd            1.02619
2018-11-27 06:39:13.715425 CST | LossBefore                  1.8181e-08
2018-11-27 06:39:13.715548 CST | LossAfter                  -0.0383654
2018-11-27 06:39:13.715672 CST | MeanKLBefore                0
2018-11-27 06:39:13.715796 CST | MeanKL                      0.00653247
2018-11-27 06:39:13.715921 CST | dLoss                       0.0383654
2018-11-27 06:39:13.716045 CST | Time                        5.46391
2018-11-27 06:39:13.716169 CST | ItrTime                     1.09391
2018-11-27 06:39:13.716293 CST | -----------------------  -------------
2018-11-27 06:39:13.716796 CST | itr #5 | Mem: 1265.890625
2018-11-27 06:39:13.716942 CST | itr #5 | Obtaining samples...
2018-11-27 06:39:13.717076 CST | itr #5 | Obtaining samples for iteration 5...
2018-11-27 06:39:14.536646 CST | itr #5 | Processing samples...
2018-11-27 06:39:14.537779 CST | itr #5 | fitting baseline...
2018-11-27 06:39:14.538558 CST | itr #5 | fitted
2018-11-27 06:39:14.538938 CST | itr #5 | Logging diagnostics...
2018-11-27 06:39:14.539243 CST | itr #5 | Optimizing policy...
2018-11-27 06:39:14.539461 CST | itr #5 | Computing loss before
2018-11-27 06:39:14.541806 CST | itr #5 | Computing KL before
2018-11-27 06:39:14.543453 CST | itr #5 | Optimizing
2018-11-27 06:39:14.585040 CST | itr #5 | Start CG optimization: #parameters: 6054, #inputs: 1090, #subsample_inputs: 1090
2018-11-27 06:39:14.623034 CST | itr #5 | computing loss before
2018-11-27 06:39:14.624185 CST | itr #5 | performing update
2018-11-27 06:39:14.624354 CST | itr #5 | computing gradient
2018-11-27 06:39:14.625619 CST | itr #5 | gradient computed
2018-11-27 06:39:14.625781 CST | itr #5 | computing descent direction
2018-11-27 06:39:14.685213 CST | itr #5 | descent direction computed
2018-11-27 06:39:14.686941 CST | itr #5 | backtrack iters: 0
2018-11-27 06:39:14.687111 CST | itr #5 | computing loss after
2018-11-27 06:39:14.687250 CST | itr #5 | optimization finished
2018-11-27 06:39:14.720002 CST | itr #5 | Computing KL after
2018-11-27 06:39:14.721146 CST | itr #5 | Computing loss after
2018-11-27 06:39:14.724368 CST | itr #5 | Saved
2018-11-27 06:39:14.725222 CST | -----------------------  --------------
2018-11-27 06:39:14.725379 CST | PolicyExecTime              0.503859
2018-11-27 06:39:14.725513 CST | EnvExecTime                 0.286064
2018-11-27 06:39:14.725643 CST | ProcessExecTime             0.0170422
2018-11-27 06:39:14.725784 CST | AbsLearnSignal              0.63842
2018-11-27 06:39:14.725910 CST | Iteration                   5
2018-11-27 06:39:14.726095 CST | AverageDiscountedReturn  -135.223
2018-11-27 06:39:14.726272 CST | AverageReturn            -277.98
2018-11-27 06:39:14.726427 CST | ExplainedVariance          -2.77755
2018-11-27 06:39:14.726552 CST | NumTrajs                   11
2018-11-27 06:39:14.726694 CST | Entropy                     2.89293
2018-11-27 06:39:14.726832 CST | Perplexity                 18.0461
2018-11-27 06:39:14.727004 CST | StdReturn                 129.389
2018-11-27 06:39:14.727128 CST | MaxReturn                 -63.2214
2018-11-27 06:39:14.727251 CST | MinReturn                -515.85
2018-11-27 06:39:14.727376 CST | AveragePolicyStd            1.02814
2018-11-27 06:39:14.727499 CST | LossBefore                 -9.62424e-09
2018-11-27 06:39:14.727622 CST | LossAfter                  -0.0394786
2018-11-27 06:39:14.727745 CST | MeanKLBefore                0
2018-11-27 06:39:14.727868 CST | MeanKL                      0.00998021
2018-11-27 06:39:14.727991 CST | dLoss                       0.0394786
2018-11-27 06:39:14.728115 CST | Time                        6.47621
2018-11-27 06:39:14.728238 CST | ItrTime                     1.0078
2018-11-27 06:39:14.728360 CST | -----------------------  --------------
2018-11-27 06:39:14.728867 CST | itr #6 | Mem: 1265.890625
2018-11-27 06:39:14.729031 CST | itr #6 | Obtaining samples...
2018-11-27 06:39:14.729170 CST | itr #6 | Obtaining samples for iteration 6...
2018-11-27 06:39:15.507807 CST | itr #6 | Processing samples...
2018-11-27 06:39:15.508849 CST | itr #6 | fitting baseline...
2018-11-27 06:39:15.509606 CST | itr #6 | fitted
2018-11-27 06:39:15.509975 CST | itr #6 | Logging diagnostics...
2018-11-27 06:39:15.510270 CST | itr #6 | Optimizing policy...
2018-11-27 06:39:15.510488 CST | itr #6 | Computing loss before
2018-11-27 06:39:15.518409 CST | itr #6 | Computing KL before
2018-11-27 06:39:15.520259 CST | itr #6 | Optimizing
2018-11-27 06:39:15.566018 CST | itr #6 | Start CG optimization: #parameters: 6054, #inputs: 1064, #subsample_inputs: 1064
2018-11-27 06:39:15.604706 CST | itr #6 | computing loss before
2018-11-27 06:39:15.605839 CST | itr #6 | performing update
2018-11-27 06:39:15.606004 CST | itr #6 | computing gradient
2018-11-27 06:39:15.607264 CST | itr #6 | gradient computed
2018-11-27 06:39:15.607427 CST | itr #6 | computing descent direction
2018-11-27 06:39:15.666818 CST | itr #6 | descent direction computed
2018-11-27 06:39:15.668854 CST | itr #6 | backtrack iters: 0
2018-11-27 06:39:15.669020 CST | itr #6 | computing loss after
2018-11-27 06:39:15.669154 CST | itr #6 | optimization finished
2018-11-27 06:39:15.702310 CST | itr #6 | Computing KL after
2018-11-27 06:39:15.703653 CST | itr #6 | Computing loss after
2018-11-27 06:39:15.706861 CST | itr #6 | Saved
2018-11-27 06:39:15.707763 CST | -----------------------  -------------
2018-11-27 06:39:15.707957 CST | PolicyExecTime              0.466763
2018-11-27 06:39:15.708089 CST | EnvExecTime                 0.284027
2018-11-27 06:39:15.708218 CST | ProcessExecTime             0.0157413
2018-11-27 06:39:15.708345 CST | AbsLearnSignal              0.667722
2018-11-27 06:39:15.708472 CST | Iteration                   6
2018-11-27 06:39:15.708639 CST | AverageDiscountedReturn  -130.356
2018-11-27 06:39:15.708797 CST | AverageReturn            -303.761
2018-11-27 06:39:15.708924 CST | ExplainedVariance          -0.0477936
2018-11-27 06:39:15.709062 CST | NumTrajs                    9
2018-11-27 06:39:15.709185 CST | Entropy                     2.89614
2018-11-27 06:39:15.709338 CST | Perplexity                 18.1041
2018-11-27 06:39:15.709548 CST | StdReturn                 165.733
2018-11-27 06:39:15.709686 CST | MaxReturn                 -85.0064
2018-11-27 06:39:15.709809 CST | MinReturn                -565.652
2018-11-27 06:39:15.709932 CST | AveragePolicyStd            1.0303
2018-11-27 06:39:15.710054 CST | LossBefore                 -0
2018-11-27 06:39:15.710177 CST | LossAfter                  -0.0293847
2018-11-27 06:39:15.710299 CST | MeanKLBefore                0
2018-11-27 06:39:15.710421 CST | MeanKL                      0.00727717
2018-11-27 06:39:15.710543 CST | dLoss                       0.0293847
2018-11-27 06:39:15.710666 CST | Time                        7.4587
2018-11-27 06:39:15.710788 CST | ItrTime                     0.978227
2018-11-27 06:39:15.710914 CST | -----------------------  -------------
2018-11-27 06:39:15.711553 CST | itr #7 | Mem: 1265.890625
2018-11-27 06:39:15.711712 CST | itr #7 | Obtaining samples...
2018-11-27 06:39:15.711846 CST | itr #7 | Obtaining samples for iteration 7...
2018-11-27 06:39:16.520679 CST | itr #7 | Processing samples...
2018-11-27 06:39:16.521758 CST | itr #7 | fitting baseline...
2018-11-27 06:39:16.522527 CST | itr #7 | fitted
2018-11-27 06:39:16.522892 CST | itr #7 | Logging diagnostics...
2018-11-27 06:39:16.523190 CST | itr #7 | Optimizing policy...
2018-11-27 06:39:16.523406 CST | itr #7 | Computing loss before
2018-11-27 06:39:16.533591 CST | itr #7 | Computing KL before
2018-11-27 06:39:16.537068 CST | itr #7 | Optimizing
2018-11-27 06:39:16.587301 CST | itr #7 | Start CG optimization: #parameters: 6054, #inputs: 1091, #subsample_inputs: 1091
2018-11-27 06:39:16.626181 CST | itr #7 | computing loss before
2018-11-27 06:39:16.627347 CST | itr #7 | performing update
2018-11-27 06:39:16.627525 CST | itr #7 | computing gradient
2018-11-27 06:39:16.629223 CST | itr #7 | gradient computed
2018-11-27 06:39:16.629385 CST | itr #7 | computing descent direction
2018-11-27 06:39:16.689265 CST | itr #7 | descent direction computed
2018-11-27 06:39:16.692470 CST | itr #7 | backtrack iters: 1
2018-11-27 06:39:16.692653 CST | itr #7 | computing loss after
2018-11-27 06:39:16.692794 CST | itr #7 | optimization finished
2018-11-27 06:39:16.726258 CST | itr #7 | Computing KL after
2018-11-27 06:39:16.727457 CST | itr #7 | Computing loss after
2018-11-27 06:39:16.730557 CST | itr #7 | Saved
2018-11-27 06:39:16.731510 CST | -----------------------  --------------
2018-11-27 06:39:16.731665 CST | PolicyExecTime              0.487953
2018-11-27 06:39:16.731800 CST | EnvExecTime                 0.291845
2018-11-27 06:39:16.731931 CST | ProcessExecTime             0.0166254
2018-11-27 06:39:16.732062 CST | AbsLearnSignal              0.646078
2018-11-27 06:39:16.732191 CST | Iteration                   7
2018-11-27 06:39:16.732324 CST | AverageDiscountedReturn  -167.225
2018-11-27 06:39:16.732454 CST | AverageReturn            -359.305
2018-11-27 06:39:16.732583 CST | ExplainedVariance          -1.0336
2018-11-27 06:39:16.732722 CST | NumTrajs                   10
2018-11-27 06:39:16.732852 CST | Entropy                     2.90405
2018-11-27 06:39:16.733011 CST | Perplexity                 18.2478
2018-11-27 06:39:16.733206 CST | StdReturn                 148.723
2018-11-27 06:39:16.733340 CST | MaxReturn                 -75.6458
2018-11-27 06:39:16.733469 CST | MinReturn                -540.807
2018-11-27 06:39:16.733597 CST | AveragePolicyStd            1.03443
2018-11-27 06:39:16.733725 CST | LossBefore                 -1.39861e-08
2018-11-27 06:39:16.733853 CST | LossAfter                  -0.0224043
2018-11-27 06:39:16.733982 CST | MeanKLBefore                0
2018-11-27 06:39:16.734110 CST | MeanKL                      0.00647331
2018-11-27 06:39:16.734237 CST | dLoss                       0.0224043
2018-11-27 06:39:16.734363 CST | Time                        8.48237
2018-11-27 06:39:16.734490 CST | ItrTime                     1.01921
2018-11-27 06:39:16.734618 CST | -----------------------  --------------
2018-11-27 06:39:16.735111 CST | itr #8 | Mem: 1265.890625
2018-11-27 06:39:16.735257 CST | itr #8 | Obtaining samples...
2018-11-27 06:39:16.735392 CST | itr #8 | Obtaining samples for iteration 8...
2018-11-27 06:39:17.545155 CST | itr #8 | Processing samples...
2018-11-27 06:39:17.546243 CST | itr #8 | fitting baseline...
2018-11-27 06:39:17.555006 CST | itr #8 | fitted
2018-11-27 06:39:17.555424 CST | itr #8 | Logging diagnostics...
2018-11-27 06:39:17.555736 CST | itr #8 | Optimizing policy...
2018-11-27 06:39:17.555957 CST | itr #8 | Computing loss before
2018-11-27 06:39:17.558474 CST | itr #8 | Computing KL before
2018-11-27 06:39:17.559667 CST | itr #8 | Optimizing
2018-11-27 06:39:17.600762 CST | itr #8 | Start CG optimization: #parameters: 6054, #inputs: 1087, #subsample_inputs: 1087
2018-11-27 06:39:17.636383 CST | itr #8 | computing loss before
2018-11-27 06:39:17.637607 CST | itr #8 | performing update
2018-11-27 06:39:17.637776 CST | itr #8 | computing gradient
2018-11-27 06:39:17.639320 CST | itr #8 | gradient computed
2018-11-27 06:39:17.639492 CST | itr #8 | computing descent direction
2018-11-27 06:39:17.697789 CST | itr #8 | descent direction computed
2018-11-27 06:39:17.701296 CST | itr #8 | backtrack iters: 1
2018-11-27 06:39:17.701587 CST | itr #8 | computing loss after
2018-11-27 06:39:17.701841 CST | itr #8 | optimization finished
2018-11-27 06:39:17.736166 CST | itr #8 | Computing KL after
2018-11-27 06:39:17.737434 CST | itr #8 | Computing loss after
2018-11-27 06:39:17.742039 CST | itr #8 | Saved
2018-11-27 06:39:17.742880 CST | -----------------------  -------------
2018-11-27 06:39:17.743079 CST | PolicyExecTime              0.48735
2018-11-27 06:39:17.743279 CST | EnvExecTime                 0.292626
2018-11-27 06:39:17.743452 CST | ProcessExecTime             0.0171523
2018-11-27 06:39:17.743698 CST | AbsLearnSignal              0.812097
2018-11-27 06:39:17.743868 CST | Iteration                   8
2018-11-27 06:39:17.744034 CST | AverageDiscountedReturn  -108.921
2018-11-27 06:39:17.744226 CST | AverageReturn            -219.114
2018-11-27 06:39:17.744428 CST | ExplainedVariance          -0.467149
2018-11-27 06:39:17.744613 CST | NumTrajs                   10
2018-11-27 06:39:17.744785 CST | Entropy                     2.90094
2018-11-27 06:39:17.744956 CST | Perplexity                 18.1912
2018-11-27 06:39:17.745129 CST | StdReturn                 115.205
2018-11-27 06:39:17.745304 CST | MaxReturn                 -60.6277
2018-11-27 06:39:17.745511 CST | MinReturn                -390.857
2018-11-27 06:39:17.745713 CST | AveragePolicyStd            1.03319
2018-11-27 06:39:17.745910 CST | LossBefore                 -0
2018-11-27 06:39:17.746097 CST | LossAfter                  -0.0677206
2018-11-27 06:39:17.746275 CST | MeanKLBefore                0
2018-11-27 06:39:17.746489 CST | MeanKL                      0.00656357
2018-11-27 06:39:17.746667 CST | dLoss                       0.0677206
2018-11-27 06:39:17.746842 CST | Time                        9.49388
2018-11-27 06:39:17.747011 CST | ItrTime                     1.00716
2018-11-27 06:39:17.747183 CST | -----------------------  -------------
2018-11-27 06:39:17.747805 CST | itr #9 | Mem: 1265.890625
2018-11-27 06:39:17.747956 CST | itr #9 | Obtaining samples...
2018-11-27 06:39:17.748144 CST | itr #9 | Obtaining samples for iteration 9...
2018-11-27 06:39:18.490602 CST | itr #9 | Processing samples...
2018-11-27 06:39:18.491665 CST | itr #9 | fitting baseline...
2018-11-27 06:39:18.492405 CST | itr #9 | fitted
2018-11-27 06:39:18.492787 CST | itr #9 | Logging diagnostics...
2018-11-27 06:39:18.493084 CST | itr #9 | Optimizing policy...
2018-11-27 06:39:18.493300 CST | itr #9 | Computing loss before
2018-11-27 06:39:18.497994 CST | itr #9 | Computing KL before
2018-11-27 06:39:18.499070 CST | itr #9 | Optimizing
2018-11-27 06:39:18.540456 CST | itr #9 | Start CG optimization: #parameters: 6054, #inputs: 1031, #subsample_inputs: 1031
2018-11-27 06:39:18.577885 CST | itr #9 | computing loss before
2018-11-27 06:39:18.579047 CST | itr #9 | performing update
2018-11-27 06:39:18.579222 CST | itr #9 | computing gradient
2018-11-27 06:39:18.580367 CST | itr #9 | gradient computed
2018-11-27 06:39:18.580537 CST | itr #9 | computing descent direction
2018-11-27 06:39:18.639854 CST | itr #9 | descent direction computed
2018-11-27 06:39:18.641613 CST | itr #9 | backtrack iters: 0
2018-11-27 06:39:18.641777 CST | itr #9 | computing loss after
2018-11-27 06:39:18.641913 CST | itr #9 | optimization finished
2018-11-27 06:39:18.675340 CST | itr #9 | Computing KL after
2018-11-27 06:39:18.676539 CST | itr #9 | Computing loss after
2018-11-27 06:39:18.679680 CST | itr #9 | Saved
2018-11-27 06:39:18.680328 CST | -----------------------  -------------
2018-11-27 06:39:18.680494 CST | PolicyExecTime              0.460465
2018-11-27 06:39:18.680697 CST | EnvExecTime                 0.253857
2018-11-27 06:39:18.680857 CST | ProcessExecTime             0.0158782
2018-11-27 06:39:18.681024 CST | AbsLearnSignal              0.663068
2018-11-27 06:39:18.681259 CST | Iteration                   9
2018-11-27 06:39:18.681500 CST | AverageDiscountedReturn  -113.94
2018-11-27 06:39:18.681726 CST | AverageReturn            -256.677
2018-11-27 06:39:18.681856 CST | ExplainedVariance          -0.271128
2018-11-27 06:39:18.682012 CST | NumTrajs                   10
2018-11-27 06:39:18.682140 CST | Entropy                     2.88136
2018-11-27 06:39:18.682327 CST | Perplexity                 17.8385
2018-11-27 06:39:18.682467 CST | StdReturn                 121.21
2018-11-27 06:39:18.682620 CST | MaxReturn                 -94.9465
2018-11-27 06:39:18.682772 CST | MinReturn                -441.755
2018-11-27 06:39:18.682898 CST | AveragePolicyStd            1.02289
2018-11-27 06:39:18.683023 CST | LossBefore                 -0
2018-11-27 06:39:18.683198 CST | LossAfter                  -0.0208626
2018-11-27 06:39:18.683348 CST | MeanKLBefore                0
2018-11-27 06:39:18.683473 CST | MeanKL                      0.00789914
2018-11-27 06:39:18.683597 CST | dLoss                       0.0208626
2018-11-27 06:39:18.683720 CST | Time                       10.4315
2018-11-27 06:39:18.683843 CST | ItrTime                     0.932077
2018-11-27 06:39:18.683967 CST | -----------------------  -------------
2018-11-27 06:39:18.717824 CST | itr #10 | Mem: 1265.890625
2018-11-27 06:39:18.718018 CST | itr #10 | Obtaining samples...
2018-11-27 06:39:18.718156 CST | itr #10 | Obtaining samples for iteration 10...
2018-11-27 06:39:19.494817 CST | itr #10 | Processing samples...
2018-11-27 06:39:19.495871 CST | itr #10 | fitting baseline...
2018-11-27 06:39:19.509593 CST | itr #10 | fitted
2018-11-27 06:39:19.510053 CST | itr #10 | Logging diagnostics...
2018-11-27 06:39:19.510388 CST | itr #10 | Optimizing policy...
2018-11-27 06:39:19.510633 CST | itr #10 | Computing loss before
2018-11-27 06:39:19.512300 CST | itr #10 | Computing KL before
2018-11-27 06:39:19.513653 CST | itr #10 | Optimizing
2018-11-27 06:39:19.555502 CST | itr #10 | Start CG optimization: #parameters: 6054, #inputs: 1048, #subsample_inputs: 1048
2018-11-27 06:39:19.593655 CST | itr #10 | computing loss before
2018-11-27 06:39:19.594851 CST | itr #10 | performing update
2018-11-27 06:39:19.595015 CST | itr #10 | computing gradient
2018-11-27 06:39:19.596251 CST | itr #10 | gradient computed
2018-11-27 06:39:19.596418 CST | itr #10 | computing descent direction
2018-11-27 06:39:19.655388 CST | itr #10 | descent direction computed
2018-11-27 06:39:19.657198 CST | itr #10 | backtrack iters: 0
2018-11-27 06:39:19.657363 CST | itr #10 | computing loss after
2018-11-27 06:39:19.657516 CST | itr #10 | optimization finished
2018-11-27 06:39:19.691500 CST | itr #10 | Computing KL after
2018-11-27 06:39:19.692656 CST | itr #10 | Computing loss after
2018-11-27 06:39:19.695867 CST | itr #10 | Saved
2018-11-27 06:39:19.696786 CST | -----------------------  -------------
2018-11-27 06:39:19.696954 CST | PolicyExecTime              0.470978
2018-11-27 06:39:19.697115 CST | EnvExecTime                 0.277222
2018-11-27 06:39:19.697304 CST | ProcessExecTime             0.0162053
2018-11-27 06:39:19.697521 CST | AbsLearnSignal              0.587762
2018-11-27 06:39:19.697653 CST | Iteration                  10
2018-11-27 06:39:19.697800 CST | AverageDiscountedReturn   -82.7336
2018-11-27 06:39:19.697954 CST | AverageReturn            -199.328
2018-11-27 06:39:19.698107 CST | ExplainedVariance          -5.03669
2018-11-27 06:39:19.698274 CST | NumTrajs                    9
2018-11-27 06:39:19.698444 CST | Entropy                     2.89516
2018-11-27 06:39:19.698632 CST | Perplexity                 18.0864
2018-11-27 06:39:19.698759 CST | StdReturn                 126.743
2018-11-27 06:39:19.698884 CST | MaxReturn                 -52.8868
2018-11-27 06:39:19.699009 CST | MinReturn                -481.919
2018-11-27 06:39:19.699133 CST | AveragePolicyStd            1.03027
2018-11-27 06:39:19.699258 CST | LossBefore                 -0
2018-11-27 06:39:19.699382 CST | LossAfter                  -0.0330954
2018-11-27 06:39:19.699507 CST | MeanKLBefore                0
2018-11-27 06:39:19.699663 CST | MeanKL                      0.00868279
2018-11-27 06:39:19.699788 CST | dLoss                       0.0330954
2018-11-27 06:39:19.699913 CST | Time                       11.4477
2018-11-27 06:39:19.700037 CST | ItrTime                     0.978277
2018-11-27 06:39:19.700162 CST | -----------------------  -------------
2018-11-27 06:39:19.700783 CST | itr #11 | Mem: 1265.890625
2018-11-27 06:39:19.700932 CST | itr #11 | Obtaining samples...
2018-11-27 06:39:19.701066 CST | itr #11 | Obtaining samples for iteration 11...
2018-11-27 06:39:20.512370 CST | itr #11 | Processing samples...
2018-11-27 06:39:20.513483 CST | itr #11 | fitting baseline...
2018-11-27 06:39:20.514272 CST | itr #11 | fitted
2018-11-27 06:39:20.514640 CST | itr #11 | Logging diagnostics...
2018-11-27 06:39:20.514936 CST | itr #11 | Optimizing policy...
2018-11-27 06:39:20.515152 CST | itr #11 | Computing loss before
2018-11-27 06:39:20.518158 CST | itr #11 | Computing KL before
2018-11-27 06:39:20.519235 CST | itr #11 | Optimizing
2018-11-27 06:39:20.561124 CST | itr #11 | Start CG optimization: #parameters: 6054, #inputs: 1084, #subsample_inputs: 1084
2018-11-27 06:39:20.599128 CST | itr #11 | computing loss before
2018-11-27 06:39:20.600378 CST | itr #11 | performing update
2018-11-27 06:39:20.600544 CST | itr #11 | computing gradient
2018-11-27 06:39:20.601788 CST | itr #11 | gradient computed
2018-11-27 06:39:20.601946 CST | itr #11 | computing descent direction
2018-11-27 06:39:20.660830 CST | itr #11 | descent direction computed
2018-11-27 06:39:20.664129 CST | itr #11 | backtrack iters: 1
2018-11-27 06:39:20.664297 CST | itr #11 | computing loss after
2018-11-27 06:39:20.664442 CST | itr #11 | optimization finished
2018-11-27 06:39:20.697771 CST | itr #11 | Computing KL after
2018-11-27 06:39:20.699086 CST | itr #11 | Computing loss after
2018-11-27 06:39:20.702285 CST | itr #11 | Saved
2018-11-27 06:39:20.703143 CST | -----------------------  --------------
2018-11-27 06:39:20.703292 CST | PolicyExecTime              0.493939
2018-11-27 06:39:20.703424 CST | EnvExecTime                 0.287751
2018-11-27 06:39:20.703613 CST | ProcessExecTime             0.017123
2018-11-27 06:39:20.703924 CST | AbsLearnSignal              0.790547
2018-11-27 06:39:20.704181 CST | Iteration                  11
2018-11-27 06:39:20.704374 CST | AverageDiscountedReturn  -160.839
2018-11-27 06:39:20.704501 CST | AverageReturn            -341.836
2018-11-27 06:39:20.704683 CST | ExplainedVariance           0.135004
2018-11-27 06:39:20.704840 CST | NumTrajs                   10
2018-11-27 06:39:20.705026 CST | Entropy                     2.89229
2018-11-27 06:39:20.705151 CST | Perplexity                 18.0345
2018-11-27 06:39:20.705274 CST | StdReturn                 169.867
2018-11-27 06:39:20.705398 CST | MaxReturn                 -78.1296
2018-11-27 06:39:20.705521 CST | MinReturn                -543.493
2018-11-27 06:39:20.705643 CST | AveragePolicyStd            1.02997
2018-11-27 06:39:20.705766 CST | LossBefore                  1.75955e-09
2018-11-27 06:39:20.705890 CST | LossAfter                  -0.0238268
2018-11-27 06:39:20.706013 CST | MeanKLBefore                0
2018-11-27 06:39:20.706136 CST | MeanKL                      0.00701038
2018-11-27 06:39:20.706257 CST | dLoss                       0.0238268
2018-11-27 06:39:20.706379 CST | Time                       12.4542
2018-11-27 06:39:20.706500 CST | ItrTime                     1.00179
2018-11-27 06:39:20.706622 CST | -----------------------  --------------
2018-11-27 06:39:20.707159 CST | itr #12 | Mem: 1265.890625
2018-11-27 06:39:20.707324 CST | itr #12 | Obtaining samples...
2018-11-27 06:39:20.707504 CST | itr #12 | Obtaining samples for iteration 12...
2018-11-27 06:39:21.446883 CST | itr #12 | Processing samples...
2018-11-27 06:39:21.447911 CST | itr #12 | fitting baseline...
2018-11-27 06:39:21.451539 CST | itr #12 | fitted
2018-11-27 06:39:21.451922 CST | itr #12 | Logging diagnostics...
2018-11-27 06:39:21.452223 CST | itr #12 | Optimizing policy...
2018-11-27 06:39:21.452442 CST | itr #12 | Computing loss before
2018-11-27 06:39:21.459487 CST | itr #12 | Computing KL before
2018-11-27 06:39:21.460424 CST | itr #12 | Optimizing
2018-11-27 06:39:21.501755 CST | itr #12 | Start CG optimization: #parameters: 6054, #inputs: 1002, #subsample_inputs: 1002
2018-11-27 06:39:21.537788 CST | itr #12 | computing loss before
2018-11-27 06:39:21.539081 CST | itr #12 | performing update
2018-11-27 06:39:21.539260 CST | itr #12 | computing gradient
2018-11-27 06:39:21.540624 CST | itr #12 | gradient computed
2018-11-27 06:39:21.540786 CST | itr #12 | computing descent direction
2018-11-27 06:39:21.599238 CST | itr #12 | descent direction computed
2018-11-27 06:39:21.600930 CST | itr #12 | backtrack iters: 0
2018-11-27 06:39:21.601145 CST | itr #12 | computing loss after
