2018-11-28 11:25:17.456330 CST | observation space: Box(8,)
2018-11-28 11:25:17.456549 CST | action space: Box(2,)
2018-11-28 11:25:17.862733 CST | observation space: Box(8,)
2018-11-28 11:25:17.862932 CST | action space: Box(2,)
2018-11-28 11:25:17.863798 CST | observation space: Box(8,)
2018-11-28 11:25:17.863963 CST | action space: Box(2,)
2018-11-28 11:25:18.386983 CST | itr #0 | Mem: 1081.214844
2018-11-28 11:25:18.387194 CST | itr #0 | Obtaining samples...
2018-11-28 11:25:18.387331 CST | itr #0 | Obtaining samples for iteration 0...
2018-11-28 11:25:19.499213 CST | itr #0 | Processing samples...
2018-11-28 11:25:19.500519 CST | itr #0 | fitting baseline...
2018-11-28 11:25:19.510037 CST | itr #0 | fitted
2018-11-28 11:25:19.510464 CST | itr #0 | Logging diagnostics...
2018-11-28 11:25:19.510828 CST | itr #0 | Optimizing policy...
2018-11-28 11:25:19.511075 CST | itr #0 | Computing loss before
2018-11-28 11:25:19.554944 CST | itr #0 | Computing KL before
2018-11-28 11:25:19.582703 CST | itr #0 | Optimizing
2018-11-28 11:25:19.622183 CST | itr #0 | Start CG optimization: #parameters: 6054, #inputs: 2077, #subsample_inputs: 2077
2018-11-28 11:25:19.655135 CST | itr #0 | computing loss before
2018-11-28 11:25:19.656527 CST | itr #0 | performing update
2018-11-28 11:25:19.656685 CST | itr #0 | computing gradient
2018-11-28 11:25:19.709799 CST | itr #0 | gradient computed
2018-11-28 11:25:19.709996 CST | itr #0 | computing descent direction
2018-11-28 11:25:19.945728 CST | itr #0 | descent direction computed
2018-11-28 11:25:19.997437 CST | itr #0 | backtrack iters: 1
2018-11-28 11:25:19.997629 CST | itr #0 | computing loss after
2018-11-28 11:25:19.997764 CST | itr #0 | optimization finished
2018-11-28 11:25:20.031012 CST | itr #0 | Computing KL after
2018-11-28 11:25:20.032196 CST | itr #0 | Computing loss after
2018-11-28 11:25:20.035722 CST | itr #0 | Saved
2018-11-28 11:25:20.036382 CST | -----------------------  ---------------
2018-11-28 11:25:20.036528 CST | PolicyExecTime               0.621846
2018-11-28 11:25:20.036722 CST | EnvExecTime                  0.458393
2018-11-28 11:25:20.036946 CST | ProcessExecTime              0.0193222
2018-11-28 11:25:20.037107 CST | AbsLearnSignal               0.798155
2018-11-28 11:25:20.037240 CST | Iteration                    0
2018-11-28 11:25:20.037381 CST | AverageDiscountedReturn   -280.376
2018-11-28 11:25:20.037569 CST | AverageReturn             -530.584
2018-11-28 11:25:20.037694 CST | ExplainedVariance            4.91496e-13
2018-11-28 11:25:20.037819 CST | NumTrajs                    23
2018-11-28 11:25:20.037956 CST | Entropy                      2.83788
2018-11-28 11:25:20.038123 CST | Perplexity                  17.0795
2018-11-28 11:25:20.038249 CST | StdReturn                  247.577
2018-11-28 11:25:20.038386 CST | MaxReturn                 -101.44
2018-11-28 11:25:20.038510 CST | MinReturn                -1146.36
2018-11-28 11:25:20.038661 CST | AveragePolicyStd             1
2018-11-28 11:25:20.038813 CST | LossBefore                  -7.34655e-09
2018-11-28 11:25:20.038968 CST | LossAfter                   -0.0207394
2018-11-28 11:25:20.039121 CST | MeanKLBefore                 0
2018-11-28 11:25:20.039244 CST | MeanKL                       0.00736038
2018-11-28 11:25:20.039368 CST | dLoss                        0.0207394
2018-11-28 11:25:20.039492 CST | Time                         1.64895
2018-11-28 11:25:20.039615 CST | ItrTime                      1.64894
2018-11-28 11:25:20.039738 CST | -----------------------  ---------------
2018-11-28 11:25:20.046314 CST | itr #1 | Mem: 1267.785156
2018-11-28 11:25:20.046482 CST | itr #1 | Obtaining samples...
2018-11-28 11:25:20.046633 CST | itr #1 | Obtaining samples for iteration 1...
2018-11-28 11:25:21.040737 CST | itr #1 | Processing samples...
2018-11-28 11:25:21.043036 CST | itr #1 | fitting baseline...
2018-11-28 11:25:21.055102 CST | itr #1 | fitted
2018-11-28 11:25:21.055487 CST | itr #1 | Logging diagnostics...
2018-11-28 11:25:21.055761 CST | itr #1 | Optimizing policy...
2018-11-28 11:25:21.055928 CST | itr #1 | Computing loss before
2018-11-28 11:25:21.058163 CST | itr #1 | Computing KL before
2018-11-28 11:25:21.059276 CST | itr #1 | Optimizing
2018-11-28 11:25:21.100170 CST | itr #1 | Start CG optimization: #parameters: 6054, #inputs: 2030, #subsample_inputs: 2030
2018-11-28 11:25:21.135455 CST | itr #1 | computing loss before
2018-11-28 11:25:21.136814 CST | itr #1 | performing update
2018-11-28 11:25:21.136974 CST | itr #1 | computing gradient
2018-11-28 11:25:21.138301 CST | itr #1 | gradient computed
2018-11-28 11:25:21.138458 CST | itr #1 | computing descent direction
2018-11-28 11:25:21.198035 CST | itr #1 | descent direction computed
2018-11-28 11:25:21.199782 CST | itr #1 | backtrack iters: 0
2018-11-28 11:25:21.199955 CST | itr #1 | computing loss after
2018-11-28 11:25:21.200094 CST | itr #1 | optimization finished
2018-11-28 11:25:21.233688 CST | itr #1 | Computing KL after
2018-11-28 11:25:21.234790 CST | itr #1 | Computing loss after
2018-11-28 11:25:21.238178 CST | itr #1 | Saved
2018-11-28 11:25:21.239014 CST | -----------------------  --------------
2018-11-28 11:25:21.239318 CST | PolicyExecTime              0.495146
2018-11-28 11:25:21.239565 CST | EnvExecTime                 0.466183
2018-11-28 11:25:21.239724 CST | ProcessExecTime             0.0200148
2018-11-28 11:25:21.239851 CST | AbsLearnSignal              0.610159
2018-11-28 11:25:21.240032 CST | Iteration                   1
2018-11-28 11:25:21.240196 CST | AverageDiscountedReturn  -231.159
2018-11-28 11:25:21.240341 CST | AverageReturn            -451.351
2018-11-28 11:25:21.240508 CST | ExplainedVariance           0.593927
2018-11-28 11:25:21.240700 CST | NumTrajs                   22
2018-11-28 11:25:21.240949 CST | Entropy                     2.83653
2018-11-28 11:25:21.241095 CST | Perplexity                 17.0565
2018-11-28 11:25:21.241246 CST | StdReturn                 184.079
2018-11-28 11:25:21.241398 CST | MaxReturn                 -80.0366
2018-11-28 11:25:21.241534 CST | MinReturn                -826.723
2018-11-28 11:25:21.241683 CST | AveragePolicyStd            0.999333
2018-11-28 11:25:21.241804 CST | LossBefore                  6.57706e-09
2018-11-28 11:25:21.241939 CST | LossAfter                  -0.0588267
2018-11-28 11:25:21.242062 CST | MeanKLBefore                0
2018-11-28 11:25:21.242186 CST | MeanKL                      0.00873746
2018-11-28 11:25:21.242369 CST | dLoss                       0.0588268
2018-11-28 11:25:21.242492 CST | Time                        2.85141
2018-11-28 11:25:21.242642 CST | ItrTime                     1.19206
2018-11-28 11:25:21.242790 CST | -----------------------  --------------
2018-11-28 11:25:21.243376 CST | itr #2 | Mem: 1269.238281
2018-11-28 11:25:21.243532 CST | itr #2 | Obtaining samples...
2018-11-28 11:25:21.243694 CST | itr #2 | Obtaining samples for iteration 2...
2018-11-28 11:25:22.173944 CST | itr #2 | Processing samples...
2018-11-28 11:25:22.175720 CST | itr #2 | fitting baseline...
2018-11-28 11:25:22.176780 CST | itr #2 | fitted
2018-11-28 11:25:22.177200 CST | itr #2 | Logging diagnostics...
2018-11-28 11:25:22.177541 CST | itr #2 | Optimizing policy...
2018-11-28 11:25:22.177761 CST | itr #2 | Computing loss before
2018-11-28 11:25:22.185649 CST | itr #2 | Computing KL before
2018-11-28 11:25:22.187982 CST | itr #2 | Optimizing
2018-11-28 11:25:22.229354 CST | itr #2 | Start CG optimization: #parameters: 6054, #inputs: 2004, #subsample_inputs: 2004
2018-11-28 11:25:22.265142 CST | itr #2 | computing loss before
2018-11-28 11:25:22.266393 CST | itr #2 | performing update
2018-11-28 11:25:22.266551 CST | itr #2 | computing gradient
2018-11-28 11:25:22.268038 CST | itr #2 | gradient computed
2018-11-28 11:25:22.268200 CST | itr #2 | computing descent direction
2018-11-28 11:25:22.327337 CST | itr #2 | descent direction computed
2018-11-28 11:25:22.329231 CST | itr #2 | backtrack iters: 0
2018-11-28 11:25:22.329400 CST | itr #2 | computing loss after
2018-11-28 11:25:22.329534 CST | itr #2 | optimization finished
2018-11-28 11:25:22.362974 CST | itr #2 | Computing KL after
2018-11-28 11:25:22.364121 CST | itr #2 | Computing loss after
2018-11-28 11:25:22.368109 CST | itr #2 | Saved
2018-11-28 11:25:22.369331 CST | -----------------------  --------------
2018-11-28 11:25:22.369629 CST | PolicyExecTime              0.474493
2018-11-28 11:25:22.369891 CST | EnvExecTime                 0.423855
2018-11-28 11:25:22.370149 CST | ProcessExecTime             0.0195324
2018-11-28 11:25:22.370422 CST | AbsLearnSignal              0.692842
2018-11-28 11:25:22.370702 CST | Iteration                   2
2018-11-28 11:25:22.370957 CST | AverageDiscountedReturn  -192.715
2018-11-28 11:25:22.371184 CST | AverageReturn            -367.616
2018-11-28 11:25:22.371420 CST | ExplainedVariance           0.614656
2018-11-28 11:25:22.371704 CST | NumTrajs                   23
2018-11-28 11:25:22.371996 CST | Entropy                     2.8364
2018-11-28 11:25:22.372255 CST | Perplexity                 17.0543
2018-11-28 11:25:22.372529 CST | StdReturn                 222.878
2018-11-28 11:25:22.372900 CST | MaxReturn                  39.1128
2018-11-28 11:25:22.373213 CST | MinReturn                -782.484
2018-11-28 11:25:22.373485 CST | AveragePolicyStd            0.999275
2018-11-28 11:25:22.373795 CST | LossBefore                 -3.80708e-09
2018-11-28 11:25:22.374138 CST | LossAfter                  -0.0331013
2018-11-28 11:25:22.374409 CST | MeanKLBefore                0
2018-11-28 11:25:22.374701 CST | MeanKL                      0.00953128
2018-11-28 11:25:22.375008 CST | dLoss                       0.0331013
2018-11-28 11:25:22.375302 CST | Time                        3.98144
2018-11-28 11:25:22.375573 CST | ItrTime                     1.12503
2018-11-28 11:25:22.375829 CST | -----------------------  --------------
2018-11-28 11:25:22.376649 CST | itr #3 | Mem: 1270.820312
2018-11-28 11:25:22.376912 CST | itr #3 | Obtaining samples...
2018-11-28 11:25:22.377182 CST | itr #3 | Obtaining samples for iteration 3...
2018-11-28 11:25:24.090601 CST | itr #3 | Processing samples...
2018-11-28 11:25:24.092543 CST | itr #3 | fitting baseline...
2018-11-28 11:25:24.093720 CST | itr #3 | fitted
2018-11-28 11:25:24.094149 CST | itr #3 | Logging diagnostics...
2018-11-28 11:25:24.094495 CST | itr #3 | Optimizing policy...
2018-11-28 11:25:24.094719 CST | itr #3 | Computing loss before
2018-11-28 11:25:24.108729 CST | itr #3 | Computing KL before
2018-11-28 11:25:24.109961 CST | itr #3 | Optimizing
2018-11-28 11:25:24.153254 CST | itr #3 | Start CG optimization: #parameters: 6054, #inputs: 2029, #subsample_inputs: 2029
2018-11-28 11:25:24.190248 CST | itr #3 | computing loss before
2018-11-28 11:25:24.191504 CST | itr #3 | performing update
2018-11-28 11:25:24.191685 CST | itr #3 | computing gradient
2018-11-28 11:25:24.193262 CST | itr #3 | gradient computed
2018-11-28 11:25:24.193432 CST | itr #3 | computing descent direction
2018-11-28 11:25:24.253562 CST | itr #3 | descent direction computed
2018-11-28 11:25:24.258277 CST | itr #3 | backtrack iters: 2
2018-11-28 11:25:24.258463 CST | itr #3 | computing loss after
2018-11-28 11:25:24.258673 CST | itr #3 | optimization finished
2018-11-28 11:25:24.291875 CST | itr #3 | Computing KL after
2018-11-28 11:25:24.293117 CST | itr #3 | Computing loss after
2018-11-28 11:25:24.296244 CST | itr #3 | Saved
2018-11-28 11:25:24.296982 CST | -----------------------  ---------------
2018-11-28 11:25:24.297224 CST | PolicyExecTime               0.512115
2018-11-28 11:25:24.297464 CST | EnvExecTime                  1.16852
2018-11-28 11:25:24.297728 CST | ProcessExecTime              0.0195119
2018-11-28 11:25:24.297908 CST | AbsLearnSignal               0.416372
2018-11-28 11:25:24.298064 CST | Iteration                    3
2018-11-28 11:25:24.298262 CST | AverageDiscountedReturn   -181.901
2018-11-28 11:25:24.298456 CST | AverageReturn             -406.373
2018-11-28 11:25:24.298619 CST | ExplainedVariance        -3303.01
2018-11-28 11:25:24.298746 CST | NumTrajs                    15
2018-11-28 11:25:24.298893 CST | Entropy                      2.8467
2018-11-28 11:25:24.299046 CST | Perplexity                  17.2309
2018-11-28 11:25:24.299172 CST | StdReturn                  254.812
2018-11-28 11:25:24.299294 CST | MaxReturn                  -85.1169
2018-11-28 11:25:24.299414 CST | MinReturn                 -827.641
2018-11-28 11:25:24.299535 CST | AveragePolicyStd             1.00447
2018-11-28 11:25:24.299654 CST | LossBefore                   7.52035e-09
2018-11-28 11:25:24.299775 CST | LossAfter                   -0.00669607
2018-11-28 11:25:24.299894 CST | MeanKLBefore                 0
2018-11-28 11:25:24.300015 CST | MeanKL                       0.00917986
2018-11-28 11:25:24.300249 CST | dLoss                        0.00669608
2018-11-28 11:25:24.300384 CST | Time                         5.9095
2018-11-28 11:25:24.300505 CST | ItrTime                      1.91985
2018-11-28 11:25:24.300635 CST | -----------------------  ---------------
2018-11-28 11:25:24.301205 CST | itr #4 | Mem: 1271.289062
2018-11-28 11:25:24.301349 CST | itr #4 | Obtaining samples...
2018-11-28 11:25:24.301478 CST | itr #4 | Obtaining samples for iteration 4...
2018-11-28 11:25:25.289006 CST | itr #4 | Processing samples...
2018-11-28 11:25:25.290738 CST | itr #4 | fitting baseline...
2018-11-28 11:25:25.308880 CST | itr #4 | fitted
2018-11-28 11:25:25.309384 CST | itr #4 | Logging diagnostics...
2018-11-28 11:25:25.309755 CST | itr #4 | Optimizing policy...
2018-11-28 11:25:25.309989 CST | itr #4 | Computing loss before
2018-11-28 11:25:25.317113 CST | itr #4 | Computing KL before
2018-11-28 11:25:25.318201 CST | itr #4 | Optimizing
2018-11-28 11:25:25.360207 CST | itr #4 | Start CG optimization: #parameters: 6054, #inputs: 2019, #subsample_inputs: 2019
2018-11-28 11:25:25.395856 CST | itr #4 | computing loss before
2018-11-28 11:25:25.397130 CST | itr #4 | performing update
2018-11-28 11:25:25.397308 CST | itr #4 | computing gradient
2018-11-28 11:25:25.398979 CST | itr #4 | gradient computed
2018-11-28 11:25:25.399248 CST | itr #4 | computing descent direction
2018-11-28 11:25:25.459900 CST | itr #4 | descent direction computed
2018-11-28 11:25:25.463652 CST | itr #4 | backtrack iters: 1
2018-11-28 11:25:25.463826 CST | itr #4 | computing loss after
2018-11-28 11:25:25.463963 CST | itr #4 | optimization finished
2018-11-28 11:25:25.496930 CST | itr #4 | Computing KL after
2018-11-28 11:25:25.498140 CST | itr #4 | Computing loss after
2018-11-28 11:25:25.501451 CST | itr #4 | Saved
2018-11-28 11:25:25.502244 CST | -----------------------  -------------
2018-11-28 11:25:25.502406 CST | PolicyExecTime              0.485683
2018-11-28 11:25:25.502564 CST | EnvExecTime                 0.468786
2018-11-28 11:25:25.502722 CST | ProcessExecTime             0.0204318
2018-11-28 11:25:25.502876 CST | AbsLearnSignal              0.690926
2018-11-28 11:25:25.503029 CST | Iteration                   4
2018-11-28 11:25:25.503223 CST | AverageDiscountedReturn  -235.824
2018-11-28 11:25:25.503437 CST | AverageReturn            -467.854
2018-11-28 11:25:25.503631 CST | ExplainedVariance           0.615673
2018-11-28 11:25:25.503786 CST | NumTrajs                   21
2018-11-28 11:25:25.503973 CST | Entropy                     2.8508
2018-11-28 11:25:25.504126 CST | Perplexity                 17.3016
2018-11-28 11:25:25.504319 CST | StdReturn                 265.069
2018-11-28 11:25:25.504513 CST | MaxReturn                 -45.5252
2018-11-28 11:25:25.504705 CST | MinReturn                -831.369
2018-11-28 11:25:25.504857 CST | AveragePolicyStd            1.00654
2018-11-28 11:25:25.505006 CST | LossBefore                  6.6129e-09
2018-11-28 11:25:25.505129 CST | LossAfter                  -0.0225278
2018-11-28 11:25:25.505253 CST | MeanKLBefore                0
2018-11-28 11:25:25.505388 CST | MeanKL                      0.00846408
2018-11-28 11:25:25.505525 CST | dLoss                       0.0225278
2018-11-28 11:25:25.505647 CST | Time                        7.11476
2018-11-28 11:25:25.505795 CST | ItrTime                     1.20051
2018-11-28 11:25:25.505917 CST | -----------------------  -------------
2018-11-28 11:25:25.506431 CST | itr #5 | Mem: 1271.289062
2018-11-28 11:25:25.506578 CST | itr #5 | Obtaining samples...
2018-11-28 11:25:25.506712 CST | itr #5 | Obtaining samples for iteration 5...
2018-11-28 11:25:26.524140 CST | itr #5 | Processing samples...
2018-11-28 11:25:26.525917 CST | itr #5 | fitting baseline...
2018-11-28 11:25:26.528246 CST | itr #5 | fitted
2018-11-28 11:25:26.528689 CST | itr #5 | Logging diagnostics...
2018-11-28 11:25:26.529057 CST | itr #5 | Optimizing policy...
2018-11-28 11:25:26.529284 CST | itr #5 | Computing loss before
2018-11-28 11:25:26.537517 CST | itr #5 | Computing KL before
2018-11-28 11:25:26.538905 CST | itr #5 | Optimizing
2018-11-28 11:25:26.580777 CST | itr #5 | Start CG optimization: #parameters: 6054, #inputs: 2082, #subsample_inputs: 2082
2018-11-28 11:25:26.616527 CST | itr #5 | computing loss before
2018-11-28 11:25:26.617687 CST | itr #5 | performing update
2018-11-28 11:25:26.617844 CST | itr #5 | computing gradient
2018-11-28 11:25:26.619045 CST | itr #5 | gradient computed
2018-11-28 11:25:26.619212 CST | itr #5 | computing descent direction
2018-11-28 11:25:26.679900 CST | itr #5 | descent direction computed
2018-11-28 11:25:26.683141 CST | itr #5 | backtrack iters: 1
2018-11-28 11:25:26.683310 CST | itr #5 | computing loss after
2018-11-28 11:25:26.683445 CST | itr #5 | optimization finished
2018-11-28 11:25:26.716816 CST | itr #5 | Computing KL after
2018-11-28 11:25:26.718072 CST | itr #5 | Computing loss after
2018-11-28 11:25:26.721307 CST | itr #5 | Saved
2018-11-28 11:25:26.722070 CST | -----------------------  -------------
2018-11-28 11:25:26.722225 CST | PolicyExecTime              0.514576
2018-11-28 11:25:26.722374 CST | EnvExecTime                 0.469006
2018-11-28 11:25:26.722523 CST | ProcessExecTime             0.0211372
2018-11-28 11:25:26.722665 CST | AbsLearnSignal              0.651233
2018-11-28 11:25:26.722835 CST | Iteration                   5
2018-11-28 11:25:26.722985 CST | AverageDiscountedReturn  -232.956
2018-11-28 11:25:26.723176 CST | AverageReturn            -459.196
2018-11-28 11:25:26.723345 CST | ExplainedVariance           0.691875
2018-11-28 11:25:26.723544 CST | NumTrajs                   22
2018-11-28 11:25:26.723835 CST | Entropy                     2.85138
2018-11-28 11:25:26.724007 CST | Perplexity                 17.3117
2018-11-28 11:25:26.724165 CST | StdReturn                 255.325
2018-11-28 11:25:26.724314 CST | MaxReturn                 -73.7517
2018-11-28 11:25:26.724472 CST | MinReturn                -861.806
2018-11-28 11:25:26.724625 CST | AveragePolicyStd            1.00682
2018-11-28 11:25:26.724764 CST | LossBefore                 -0
2018-11-28 11:25:26.724904 CST | LossAfter                  -0.0274336
2018-11-28 11:25:26.725041 CST | MeanKLBefore                0
2018-11-28 11:25:26.725178 CST | MeanKL                      0.00643028
2018-11-28 11:25:26.725314 CST | dLoss                       0.0274336
2018-11-28 11:25:26.725453 CST | Time                        8.33462
2018-11-28 11:25:26.725592 CST | ItrTime                     1.21515
2018-11-28 11:25:26.725732 CST | -----------------------  -------------
2018-11-28 11:25:26.726273 CST | itr #6 | Mem: 1271.289062
2018-11-28 11:25:26.726424 CST | itr #6 | Obtaining samples...
2018-11-28 11:25:26.726574 CST | itr #6 | Obtaining samples for iteration 6...
2018-11-28 11:25:27.681945 CST | itr #6 | Processing samples...
2018-11-28 11:25:27.683715 CST | itr #6 | fitting baseline...
2018-11-28 11:25:27.684774 CST | itr #6 | fitted
2018-11-28 11:25:27.685214 CST | itr #6 | Logging diagnostics...
2018-11-28 11:25:27.685569 CST | itr #6 | Optimizing policy...
2018-11-28 11:25:27.685797 CST | itr #6 | Computing loss before
2018-11-28 11:25:27.687169 CST | itr #6 | Computing KL before
2018-11-28 11:25:27.688770 CST | itr #6 | Optimizing
2018-11-28 11:25:27.731432 CST | itr #6 | Start CG optimization: #parameters: 6054, #inputs: 2002, #subsample_inputs: 2002
2018-11-28 11:25:27.769757 CST | itr #6 | computing loss before
2018-11-28 11:25:27.771109 CST | itr #6 | performing update
2018-11-28 11:25:27.771269 CST | itr #6 | computing gradient
2018-11-28 11:25:27.772772 CST | itr #6 | gradient computed
2018-11-28 11:25:27.772926 CST | itr #6 | computing descent direction
2018-11-28 11:25:27.833945 CST | itr #6 | descent direction computed
2018-11-28 11:25:27.837231 CST | itr #6 | backtrack iters: 1
2018-11-28 11:25:27.837397 CST | itr #6 | computing loss after
2018-11-28 11:25:27.837529 CST | itr #6 | optimization finished
2018-11-28 11:25:27.870748 CST | itr #6 | Computing KL after
2018-11-28 11:25:27.872071 CST | itr #6 | Computing loss after
2018-11-28 11:25:27.875563 CST | itr #6 | Saved
2018-11-28 11:25:27.876189 CST | -----------------------  --------------
2018-11-28 11:25:27.876331 CST | PolicyExecTime              0.482897
2018-11-28 11:25:27.876458 CST | EnvExecTime                 0.43994
2018-11-28 11:25:27.876582 CST | ProcessExecTime             0.0200832
2018-11-28 11:25:27.876711 CST | AbsLearnSignal              0.73142
2018-11-28 11:25:27.876832 CST | Iteration                   6
2018-11-28 11:25:27.876954 CST | AverageDiscountedReturn  -210.427
2018-11-28 11:25:27.877076 CST | AverageReturn            -401.348
2018-11-28 11:25:27.877242 CST | ExplainedVariance           0.640282
2018-11-28 11:25:27.877404 CST | NumTrajs                   23
2018-11-28 11:25:27.877569 CST | Entropy                     2.84682
2018-11-28 11:25:27.877729 CST | Perplexity                 17.233
2018-11-28 11:25:27.877873 CST | StdReturn                 272.071
2018-11-28 11:25:27.878025 CST | MaxReturn                  14.0702
2018-11-28 11:25:27.878175 CST | MinReturn                -863.931
2018-11-28 11:25:27.878326 CST | AveragePolicyStd            1.00467
2018-11-28 11:25:27.878476 CST | LossBefore                  4.76361e-09
2018-11-28 11:25:27.878627 CST | LossAfter                  -0.0296189
2018-11-28 11:25:27.878831 CST | MeanKLBefore                0
2018-11-28 11:25:27.878992 CST | MeanKL                      0.00646357
2018-11-28 11:25:27.879123 CST | dLoss                       0.0296189
2018-11-28 11:25:27.879247 CST | Time                        9.48878
2018-11-28 11:25:27.879397 CST | ItrTime                     1.14947
2018-11-28 11:25:27.879549 CST | -----------------------  --------------
2018-11-28 11:25:27.880055 CST | itr #7 | Mem: 1271.289062
2018-11-28 11:25:27.880204 CST | itr #7 | Obtaining samples...
2018-11-28 11:25:27.880365 CST | itr #7 | Obtaining samples for iteration 7...
2018-11-28 11:25:28.855071 CST | itr #7 | Processing samples...
2018-11-28 11:25:28.856832 CST | itr #7 | fitting baseline...
2018-11-28 11:25:28.865882 CST | itr #7 | fitted
2018-11-28 11:25:28.866354 CST | itr #7 | Logging diagnostics...
2018-11-28 11:25:28.866721 CST | itr #7 | Optimizing policy...
2018-11-28 11:25:28.866945 CST | itr #7 | Computing loss before
2018-11-28 11:25:28.869616 CST | itr #7 | Computing KL before
2018-11-28 11:25:28.870855 CST | itr #7 | Optimizing
2018-11-28 11:25:28.940825 CST | itr #7 | Start CG optimization: #parameters: 6054, #inputs: 2015, #subsample_inputs: 2015
2018-11-28 11:25:28.973453 CST | itr #7 | computing loss before
2018-11-28 11:25:28.974686 CST | itr #7 | performing update
2018-11-28 11:25:28.974845 CST | itr #7 | computing gradient
2018-11-28 11:25:28.976253 CST | itr #7 | gradient computed
2018-11-28 11:25:28.976411 CST | itr #7 | computing descent direction
2018-11-28 11:25:29.036454 CST | itr #7 | descent direction computed
2018-11-28 11:25:29.038353 CST | itr #7 | backtrack iters: 0
2018-11-28 11:25:29.038518 CST | itr #7 | computing loss after
2018-11-28 11:25:29.038651 CST | itr #7 | optimization finished
2018-11-28 11:25:29.071732 CST | itr #7 | Computing KL after
2018-11-28 11:25:29.073007 CST | itr #7 | Computing loss after
2018-11-28 11:25:29.076410 CST | itr #7 | Saved
2018-11-28 11:25:29.077318 CST | -----------------------  ------------
2018-11-28 11:25:29.077474 CST | PolicyExecTime              0.496344
2018-11-28 11:25:29.077733 CST | EnvExecTime                 0.445266
2018-11-28 11:25:29.077909 CST | ProcessExecTime             0.0204351
2018-11-28 11:25:29.078146 CST | AbsLearnSignal              0.780744
2018-11-28 11:25:29.078412 CST | Iteration                   7
2018-11-28 11:25:29.078560 CST | AverageDiscountedReturn  -195.498
2018-11-28 11:25:29.078753 CST | AverageReturn            -378.415
2018-11-28 11:25:29.078909 CST | ExplainedVariance           0.691117
2018-11-28 11:25:29.079033 CST | NumTrajs                   22
2018-11-28 11:25:29.079157 CST | Entropy                     2.85111
2018-11-28 11:25:29.079278 CST | Perplexity                 17.307
2018-11-28 11:25:29.079399 CST | StdReturn                 209.966
2018-11-28 11:25:29.079521 CST | MaxReturn                 -25.2245
2018-11-28 11:25:29.079670 CST | MinReturn                -728.549
2018-11-28 11:25:29.079790 CST | AveragePolicyStd            1.00677
2018-11-28 11:25:29.079911 CST | LossBefore                 -0
2018-11-28 11:25:29.080031 CST | LossAfter                  -0.0147239
2018-11-28 11:25:29.080153 CST | MeanKLBefore                0
2018-11-28 11:25:29.080273 CST | MeanKL                      0.009371
2018-11-28 11:25:29.080394 CST | dLoss                       0.0147239
2018-11-28 11:25:29.080515 CST | Time                       10.6898
2018-11-28 11:25:29.080642 CST | ItrTime                     1.19666
2018-11-28 11:25:29.080763 CST | -----------------------  ------------
2018-11-28 11:25:29.114884 CST | itr #8 | Mem: 1271.289062
2018-11-28 11:25:29.115076 CST | itr #8 | Obtaining samples...
2018-11-28 11:25:29.115210 CST | itr #8 | Obtaining samples for iteration 8...
2018-11-28 11:25:30.144885 CST | itr #8 | Processing samples...
2018-11-28 11:25:30.146706 CST | itr #8 | fitting baseline...
2018-11-28 11:25:30.147773 CST | itr #8 | fitted
2018-11-28 11:25:30.148207 CST | itr #8 | Logging diagnostics...
2018-11-28 11:25:30.148571 CST | itr #8 | Optimizing policy...
2018-11-28 11:25:30.148808 CST | itr #8 | Computing loss before
2018-11-28 11:25:30.169149 CST | itr #8 | Computing KL before
2018-11-28 11:25:30.170482 CST | itr #8 | Optimizing
2018-11-28 11:25:30.213856 CST | itr #8 | Start CG optimization: #parameters: 6054, #inputs: 2093, #subsample_inputs: 2093
2018-11-28 11:25:30.247461 CST | itr #8 | computing loss before
2018-11-28 11:25:30.248734 CST | itr #8 | performing update
2018-11-28 11:25:30.248885 CST | itr #8 | computing gradient
2018-11-28 11:25:30.250174 CST | itr #8 | gradient computed
2018-11-28 11:25:30.250343 CST | itr #8 | computing descent direction
2018-11-28 11:25:30.309711 CST | itr #8 | descent direction computed
2018-11-28 11:25:30.311559 CST | itr #8 | backtrack iters: 0
2018-11-28 11:25:30.323816 CST | itr #8 | computing loss after
2018-11-28 11:25:30.324006 CST | itr #8 | optimization finished
2018-11-28 11:25:30.357343 CST | itr #8 | Computing KL after
2018-11-28 11:25:30.358430 CST | itr #8 | Computing loss after
2018-11-28 11:25:30.361656 CST | itr #8 | Saved
2018-11-28 11:25:30.362428 CST | -----------------------  --------------
2018-11-28 11:25:30.362581 CST | PolicyExecTime              0.517495
2018-11-28 11:25:30.362719 CST | EnvExecTime                 0.477563
2018-11-28 11:25:30.362854 CST | ProcessExecTime             0.0217187
2018-11-28 11:25:30.362988 CST | AbsLearnSignal              0.604326
2018-11-28 11:25:30.363120 CST | Iteration                   8
2018-11-28 11:25:30.363294 CST | AverageDiscountedReturn  -133.738
2018-11-28 11:25:30.363452 CST | AverageReturn            -277.402
2018-11-28 11:25:30.363578 CST | ExplainedVariance          -0.0842648
2018-11-28 11:25:30.363705 CST | NumTrajs                   23
2018-11-28 11:25:30.363954 CST | Entropy                     2.84134
2018-11-28 11:25:30.364116 CST | Perplexity                 17.1387
2018-11-28 11:25:30.364256 CST | StdReturn                 193.441
2018-11-28 11:25:30.364379 CST | MaxReturn                 -73.8667
2018-11-28 11:25:30.364502 CST | MinReturn                -731.944
2018-11-28 11:25:30.364664 CST | AveragePolicyStd            1.00201
2018-11-28 11:25:30.364787 CST | LossBefore                  5.46779e-09
2018-11-28 11:25:30.364914 CST | LossAfter                  -0.0404712
2018-11-28 11:25:30.365037 CST | MeanKLBefore                0
2018-11-28 11:25:30.365158 CST | MeanKL                      0.00937859
2018-11-28 11:25:30.365280 CST | dLoss                       0.0404712
2018-11-28 11:25:30.365402 CST | Time                       11.975
2018-11-28 11:25:30.365524 CST | ItrTime                     1.24706
2018-11-28 11:25:30.365646 CST | -----------------------  --------------
2018-11-28 11:25:30.366162 CST | itr #9 | Mem: 1271.289062
2018-11-28 11:25:30.366307 CST | itr #9 | Obtaining samples...
2018-11-28 11:25:30.366439 CST | itr #9 | Obtaining samples for iteration 9...
2018-11-28 11:25:31.367325 CST | itr #9 | Processing samples...
2018-11-28 11:25:31.369070 CST | itr #9 | fitting baseline...
2018-11-28 11:25:31.370105 CST | itr #9 | fitted
2018-11-28 11:25:31.370533 CST | itr #9 | Logging diagnostics...
2018-11-28 11:25:31.370884 CST | itr #9 | Optimizing policy...
2018-11-28 11:25:31.371104 CST | itr #9 | Computing loss before
2018-11-28 11:25:31.378401 CST | itr #9 | Computing KL before
2018-11-28 11:25:31.379432 CST | itr #9 | Optimizing
2018-11-28 11:25:31.420872 CST | itr #9 | Start CG optimization: #parameters: 6054, #inputs: 2077, #subsample_inputs: 2077
2018-11-28 11:25:31.457439 CST | itr #9 | computing loss before
2018-11-28 11:25:31.458669 CST | itr #9 | performing update
2018-11-28 11:25:31.458848 CST | itr #9 | computing gradient
2018-11-28 11:25:31.460212 CST | itr #9 | gradient computed
2018-11-28 11:25:31.460376 CST | itr #9 | computing descent direction
2018-11-28 11:25:31.519921 CST | itr #9 | descent direction computed
2018-11-28 11:25:31.523226 CST | itr #9 | backtrack iters: 1
2018-11-28 11:25:31.523392 CST | itr #9 | computing loss after
2018-11-28 11:25:31.523525 CST | itr #9 | optimization finished
2018-11-28 11:25:31.556885 CST | itr #9 | Computing KL after
2018-11-28 11:25:31.557935 CST | itr #9 | Computing loss after
2018-11-28 11:25:31.561285 CST | itr #9 | Saved
2018-11-28 11:25:31.562055 CST | -----------------------  --------------
2018-11-28 11:25:31.562204 CST | PolicyExecTime              0.501748
2018-11-28 11:25:31.562335 CST | EnvExecTime                 0.46572
2018-11-28 11:25:31.562462 CST | ProcessExecTime             0.0207684
2018-11-28 11:25:31.562589 CST | AbsLearnSignal              0.523028
2018-11-28 11:25:31.562714 CST | Iteration                   9
2018-11-28 11:25:31.562840 CST | AverageDiscountedReturn  -139.383
2018-11-28 11:25:31.562965 CST | AverageReturn            -301.946
2018-11-28 11:25:31.563089 CST | ExplainedVariance           0.306574
2018-11-28 11:25:31.563213 CST | NumTrajs                   22
2018-11-28 11:25:31.563337 CST | Entropy                     2.84785
2018-11-28 11:25:31.563461 CST | Perplexity                 17.2507
2018-11-28 11:25:31.563583 CST | StdReturn                 215.089
2018-11-28 11:25:31.563734 CST | MaxReturn                 -33.4571
2018-11-28 11:25:31.563857 CST | MinReturn                -700.833
2018-11-28 11:25:31.564011 CST | AveragePolicyStd            1.00523
2018-11-28 11:25:31.564134 CST | LossBefore                 -9.18319e-09
2018-11-28 11:25:31.564257 CST | LossAfter                  -0.0256394
2018-11-28 11:25:31.564379 CST | MeanKLBefore                0
2018-11-28 11:25:31.564501 CST | MeanKL                      0.00670621
2018-11-28 11:25:31.564661 CST | dLoss                       0.0256394
2018-11-28 11:25:31.564810 CST | Time                       13.1746
2018-11-28 11:25:31.564933 CST | ItrTime                     1.19538
2018-11-28 11:25:31.565055 CST | -----------------------  --------------
2018-11-28 11:25:31.565570 CST | itr #10 | Mem: 1271.289062
2018-11-28 11:25:31.565717 CST | itr #10 | Obtaining samples...
2018-11-28 11:25:31.565850 CST | itr #10 | Obtaining samples for iteration 10...
2018-11-28 11:25:32.561783 CST | itr #10 | Processing samples...
2018-11-28 11:25:32.563467 CST | itr #10 | fitting baseline...
2018-11-28 11:25:32.566053 CST | itr #10 | fitted
2018-11-28 11:25:32.566487 CST | itr #10 | Logging diagnostics...
2018-11-28 11:25:32.566854 CST | itr #10 | Optimizing policy...
2018-11-28 11:25:32.567077 CST | itr #10 | Computing loss before
2018-11-28 11:25:32.574480 CST | itr #10 | Computing KL before
2018-11-28 11:25:32.576353 CST | itr #10 | Optimizing
2018-11-28 11:25:32.617975 CST | itr #10 | Start CG optimization: #parameters: 6054, #inputs: 2049, #subsample_inputs: 2049
2018-11-28 11:25:32.653754 CST | itr #10 | computing loss before
2018-11-28 11:25:32.655104 CST | itr #10 | performing update
2018-11-28 11:25:32.655269 CST | itr #10 | computing gradient
2018-11-28 11:25:32.656881 CST | itr #10 | gradient computed
2018-11-28 11:25:32.657051 CST | itr #10 | computing descent direction
2018-11-28 11:25:32.716745 CST | itr #10 | descent direction computed
2018-11-28 11:25:32.720481 CST | itr #10 | backtrack iters: 1
2018-11-28 11:25:32.720661 CST | itr #10 | computing loss after
2018-11-28 11:25:32.720797 CST | itr #10 | optimization finished
2018-11-28 11:25:32.754351 CST | itr #10 | Computing KL after
2018-11-28 11:25:32.755515 CST | itr #10 | Computing loss after
2018-11-28 11:25:32.758759 CST | itr #10 | Saved
2018-11-28 11:25:32.759583 CST | -----------------------  --------------
2018-11-28 11:25:32.759733 CST | PolicyExecTime              0.505411
2018-11-28 11:25:32.759893 CST | EnvExecTime                 0.457914
2018-11-28 11:25:32.760050 CST | ProcessExecTime             0.0201139
2018-11-28 11:25:32.760221 CST | AbsLearnSignal              0.76415
2018-11-28 11:25:32.760344 CST | Iteration                  10
2018-11-28 11:25:32.760562 CST | AverageDiscountedReturn  -157.21
2018-11-28 11:25:32.760741 CST | AverageReturn            -342.192
2018-11-28 11:25:32.760865 CST | ExplainedVariance           0.464926
2018-11-28 11:25:32.760986 CST | NumTrajs                   20
2018-11-28 11:25:32.761125 CST | Entropy                     2.87081
2018-11-28 11:25:32.761277 CST | Perplexity                 17.6513
2018-11-28 11:25:32.761447 CST | StdReturn                 178.758
2018-11-28 11:25:32.761600 CST | MaxReturn                 -51.7707
2018-11-28 11:25:32.761723 CST | MinReturn                -639.741
2018-11-28 11:25:32.761845 CST | AveragePolicyStd            1.01686
2018-11-28 11:25:32.761967 CST | LossBefore                 -1.86174e-09
2018-11-28 11:25:32.762088 CST | LossAfter                  -0.0193345
2018-11-28 11:25:32.762210 CST | MeanKLBefore                0
2018-11-28 11:25:32.762331 CST | MeanKL                      0.00699572
2018-11-28 11:25:32.762452 CST | dLoss                       0.0193345
2018-11-28 11:25:32.762572 CST | Time                       14.3721
2018-11-28 11:25:32.762693 CST | ItrTime                     1.19346
2018-11-28 11:25:32.762814 CST | -----------------------  --------------
2018-11-28 11:25:32.763351 CST | itr #11 | Mem: 1271.289062
2018-11-28 11:25:32.763495 CST | itr #11 | Obtaining samples...
2018-11-28 11:25:32.763626 CST | itr #11 | Obtaining samples for iteration 11...
2018-11-28 11:25:33.684341 CST | itr #11 | Processing samples...
2018-11-28 11:25:33.686093 CST | itr #11 | fitting baseline...
2018-11-28 11:25:33.687147 CST | itr #11 | fitted
2018-11-28 11:25:33.687567 CST | itr #11 | Logging diagnostics...
2018-11-28 11:25:33.687910 CST | itr #11 | Optimizing policy...
2018-11-28 11:25:33.688131 CST | itr #11 | Computing loss before
2018-11-28 11:25:33.695638 CST | itr #11 | Computing KL before
2018-11-28 11:25:33.696875 CST | itr #11 | Optimizing
2018-11-28 11:25:33.737991 CST | itr #11 | Start CG optimization: #parameters: 6054, #inputs: 2016, #subsample_inputs: 2016
2018-11-28 11:25:33.774657 CST | itr #11 | computing loss before
2018-11-28 11:25:33.775821 CST | itr #11 | performing update
2018-11-28 11:25:33.775980 CST | itr #11 | computing gradient
2018-11-28 11:25:33.777311 CST | itr #11 | gradient computed
2018-11-28 11:25:33.777475 CST | itr #11 | computing descent direction
2018-11-28 11:25:33.836504 CST | itr #11 | descent direction computed
2018-11-28 11:25:33.839784 CST | itr #11 | backtrack iters: 1
2018-11-28 11:25:33.839961 CST | itr #11 | computing loss after
2018-11-28 11:25:33.840099 CST | itr #11 | optimization finished
2018-11-28 11:25:33.873670 CST | itr #11 | Computing KL after
2018-11-28 11:25:33.875001 CST | itr #11 | Computing loss after
2018-11-28 11:25:33.878920 CST | itr #11 | Saved
2018-11-28 11:25:33.879579 CST | -----------------------  --------------
2018-11-28 11:25:33.879740 CST | PolicyExecTime              0.471376
2018-11-28 11:25:33.879876 CST | EnvExecTime                 0.417352
2018-11-28 11:25:33.880005 CST | ProcessExecTime             0.0197365
2018-11-28 11:25:33.880133 CST | AbsLearnSignal              0.705075
2018-11-28 11:25:33.880317 CST | Iteration                  11
2018-11-28 11:25:33.880501 CST | AverageDiscountedReturn  -112.224
2018-11-28 11:25:33.880650 CST | AverageReturn            -230.466
2018-11-28 11:25:33.880774 CST | ExplainedVariance          -1.57058
2018-11-28 11:25:33.880897 CST | NumTrajs                   22
2018-11-28 11:25:33.881020 CST | Entropy                     2.88982
2018-11-28 11:25:33.881141 CST | Perplexity                 17.9901
2018-11-28 11:25:33.881263 CST | StdReturn                 104.672
2018-11-28 11:25:33.881385 CST | MaxReturn                 -72.7356
2018-11-28 11:25:33.881506 CST | MinReturn                -395.151
2018-11-28 11:25:33.881627 CST | AveragePolicyStd            1.02676
2018-11-28 11:25:33.881748 CST | LossBefore                 -9.46105e-10
2018-11-28 11:25:33.881868 CST | LossAfter                  -0.0252913
2018-11-28 11:25:33.881990 CST | MeanKLBefore                0
2018-11-28 11:25:33.882111 CST | MeanKL                      0.00737218
2018-11-28 11:25:33.882232 CST | dLoss                       0.0252913
2018-11-28 11:25:33.882352 CST | Time                       15.4922
2018-11-28 11:25:33.882473 CST | ItrTime                     1.11576
2018-11-28 11:25:33.882594 CST | -----------------------  --------------
2018-11-28 11:25:33.883131 CST | itr #12 | Mem: 1271.289062
2018-11-28 11:25:33.883280 CST | itr #12 | Obtaining samples...
2018-11-28 11:25:33.883469 CST | itr #12 | Obtaining samples for iteration 12...
2018-11-28 11:25:34.871314 CST | itr #12 | Processing samples...
2018-11-28 11:25:34.873117 CST | itr #12 | fitting baseline...
2018-11-28 11:25:34.874223 CST | itr #12 | fitted
2018-11-28 11:25:34.874651 CST | itr #12 | Logging diagnostics...
2018-11-28 11:25:34.875007 CST | itr #12 | Optimizing policy...
2018-11-28 11:25:34.875233 CST | itr #12 | Computing loss before
2018-11-28 11:25:34.882485 CST | itr #12 | Computing KL before
2018-11-28 11:25:34.883671 CST | itr #12 | Optimizing
2018-11-28 11:25:34.925227 CST | itr #12 | Start CG optimization: #parameters: 6054, #inputs: 2028, #subsample_inputs: 2028
2018-11-28 11:25:34.961906 CST | itr #12 | computing loss before
2018-11-28 11:25:34.963166 CST | itr #12 | performing update
2018-11-28 11:25:34.963327 CST | itr #12 | computing gradient
2018-11-28 11:25:34.965053 CST | itr #12 | gradient computed
2018-11-28 11:25:34.965217 CST | itr #12 | computing descent direction
