2018-11-01 22:39:54.428539 CDT | observation space: Box(3,)
2018-11-01 22:39:54.428710 CDT | action space: Box(1,)
2018-11-01 22:39:54.893830 CDT | observation space: Box(3,)
2018-11-01 22:39:54.894009 CDT | action space: Box(1,)
2018-11-01 22:39:54.894551 CDT | observation space: Box(3,)
2018-11-01 22:39:54.894684 CDT | action space: Box(1,)
2018-11-01 22:39:54.895201 CDT | observation space: Box(3,)
2018-11-01 22:39:54.895333 CDT | action space: Box(1,)
2018-11-01 22:39:54.895951 CDT | observation space: Box(3,)
2018-11-01 22:39:54.896090 CDT | action space: Box(1,)
2018-11-01 22:39:54.896636 CDT | observation space: Box(3,)
2018-11-01 22:39:54.896780 CDT | action space: Box(1,)
2018-11-01 22:39:54.897308 CDT | observation space: Box(3,)
2018-11-01 22:39:54.897459 CDT | action space: Box(1,)
2018-11-01 22:39:54.897936 CDT | observation space: Box(3,)
2018-11-01 22:39:54.898071 CDT | action space: Box(1,)
2018-11-01 22:39:54.898543 CDT | observation space: Box(3,)
2018-11-01 22:39:54.898678 CDT | action space: Box(1,)
2018-11-01 22:39:54.899173 CDT | observation space: Box(3,)
2018-11-01 22:39:54.899303 CDT | action space: Box(1,)
2018-11-01 22:39:54.899870 CDT | observation space: Box(3,)
2018-11-01 22:39:54.900003 CDT | action space: Box(1,)
2018-11-01 22:39:54.900534 CDT | observation space: Box(3,)
2018-11-01 22:39:54.900665 CDT | action space: Box(1,)
2018-11-01 22:39:54.901137 CDT | observation space: Box(3,)
2018-11-01 22:39:54.901268 CDT | action space: Box(1,)
2018-11-01 22:39:54.901739 CDT | observation space: Box(3,)
2018-11-01 22:39:54.901870 CDT | action space: Box(1,)
2018-11-01 22:39:54.902406 CDT | observation space: Box(3,)
2018-11-01 22:39:54.902540 CDT | action space: Box(1,)
2018-11-01 22:39:54.903045 CDT | observation space: Box(3,)
2018-11-01 22:39:54.903196 CDT | action space: Box(1,)
2018-11-01 22:39:54.903692 CDT | observation space: Box(3,)
2018-11-01 22:39:54.903826 CDT | action space: Box(1,)
2018-11-01 22:39:55.492796 CDT | No checkpoint /home/robocop/Projects/rllabplusplus/data/local/default/HalfCheetah-v1-5000--an-trpo--bc-linear--bhs-32x32--gl-0-97--ksb-0--phn-tanh--phs-100x50--pon-None--ss-0-01--s-1/params.chk
2018-11-01 22:39:55.499036 CDT | itr #0 | Mem: 1043.699219
2018-11-01 22:39:55.499256 CDT | itr #0 | Obtaining samples...
2018-11-01 22:39:55.499375 CDT | itr #0 | Obtaining samples for iteration 0...
2018-11-01 22:39:56.327442 CDT | itr #0 | Processing samples...
2018-11-01 22:39:56.329932 CDT | itr #0 | fitting baseline...
2018-11-01 22:39:56.352770 CDT | itr #0 | fitted
2018-11-01 22:39:56.354371 CDT | itr #0 | Logging diagnostics...
2018-11-01 22:39:56.356601 CDT | itr #0 | Optimizing policy...
2018-11-01 22:39:56.358003 CDT | itr #0 | Computing loss before
2018-11-01 22:39:56.411768 CDT | itr #0 | Computing KL before
2018-11-01 22:39:56.434636 CDT | itr #0 | Optimizing
2018-11-01 22:39:56.482355 CDT | itr #0 | Start CG optimization: #parameters: 5502, #inputs: 6400, #subsample_inputs: 6400
2018-11-01 22:39:56.521162 CDT | itr #0 | computing loss before
2018-11-01 22:39:56.523725 CDT | itr #0 | performing update
2018-11-01 22:39:56.523914 CDT | itr #0 | computing gradient
2018-11-01 22:39:56.584765 CDT | itr #0 | gradient computed
2018-11-01 22:39:56.584949 CDT | itr #0 | computing descent direction
2018-11-01 22:39:56.896816 CDT | itr #0 | descent direction computed
2018-11-01 22:39:56.956296 CDT | itr #0 | backtrack iters: 0
2018-11-01 22:39:56.956480 CDT | itr #0 | computing loss after
2018-11-01 22:39:56.956613 CDT | itr #0 | optimization finished
2018-11-01 22:39:56.994888 CDT | itr #0 | Computing KL after
2018-11-01 22:39:56.996472 CDT | itr #0 | Computing loss after
2018-11-01 22:39:57.002036 CDT | itr #0 | Saved
2018-11-01 22:39:57.002703 CDT | -----------------------  ---------------
2018-11-01 22:39:57.002837 CDT | PolicyExecTime               0.558179
2018-11-01 22:39:57.002946 CDT | EnvExecTime                  0.235743
2018-11-01 22:39:57.003060 CDT | ProcessExecTime              0.0275383
2018-11-01 22:39:57.003186 CDT | AbsLearnSignal               0.726488
2018-11-01 22:39:57.003306 CDT | Iteration                    0
2018-11-01 22:39:57.003414 CDT | AverageDiscountedReturn   -586.312
2018-11-01 22:39:57.003524 CDT | AverageReturn            -1368.75
2018-11-01 22:39:57.003667 CDT | ExplainedVariance            3.47944e-13
2018-11-01 22:39:57.003810 CDT | NumTrajs                    32
2018-11-01 22:39:57.003977 CDT | Entropy                      1.41894
2018-11-01 22:39:57.004159 CDT | Perplexity                   4.13273
2018-11-01 22:39:57.004329 CDT | StdReturn                   65.1092
2018-11-01 22:39:57.004464 CDT | MaxReturn                -1252.63
2018-11-01 22:39:57.004566 CDT | MinReturn                -1561.72
2018-11-01 22:39:57.004667 CDT | AveragePolicyStd             1
2018-11-01 22:39:57.004767 CDT | LossBefore                  -0
2018-11-01 22:39:57.004895 CDT | LossAfter                   -0.00905752
2018-11-01 22:39:57.005023 CDT | MeanKLBefore                 0
2018-11-01 22:39:57.005141 CDT | MeanKL                       0.00938123
2018-11-01 22:39:57.005258 CDT | dLoss                        0.00905752
2018-11-01 22:39:57.005363 CDT | Time                         1.50323
2018-11-01 22:39:57.005463 CDT | ItrTime                      1.50322
2018-11-01 22:39:57.005562 CDT | -----------------------  ---------------
2018-11-01 22:39:57.013049 CDT | itr #1 | Mem: 1231.257812
2018-11-01 22:39:57.013239 CDT | itr #1 | Obtaining samples...
2018-11-01 22:39:57.013364 CDT | itr #1 | Obtaining samples for iteration 1...
2018-11-01 22:39:57.626085 CDT | itr #1 | Processing samples...
2018-11-01 22:39:57.628917 CDT | itr #1 | fitting baseline...
2018-11-01 22:39:57.630350 CDT | itr #1 | fitted
2018-11-01 22:39:57.630815 CDT | itr #1 | Logging diagnostics...
2018-11-01 22:39:57.631190 CDT | itr #1 | Optimizing policy...
2018-11-01 22:39:57.631378 CDT | itr #1 | Computing loss before
2018-11-01 22:39:57.640728 CDT | itr #1 | Computing KL before
2018-11-01 22:39:57.643497 CDT | itr #1 | Optimizing
2018-11-01 22:39:57.690885 CDT | itr #1 | Start CG optimization: #parameters: 5502, #inputs: 6400, #subsample_inputs: 6400
2018-11-01 22:39:57.731023 CDT | itr #1 | computing loss before
2018-11-01 22:39:57.732677 CDT | itr #1 | performing update
2018-11-01 22:39:57.732831 CDT | itr #1 | computing gradient
2018-11-01 22:39:57.734279 CDT | itr #1 | gradient computed
2018-11-01 22:39:57.734428 CDT | itr #1 | computing descent direction
2018-11-01 22:39:57.814083 CDT | itr #1 | descent direction computed
2018-11-01 22:39:57.819432 CDT | itr #1 | backtrack iters: 0
2018-11-01 22:39:57.819611 CDT | itr #1 | computing loss after
2018-11-01 22:39:57.819721 CDT | itr #1 | optimization finished
2018-11-01 22:39:57.858014 CDT | itr #1 | Computing KL after
2018-11-01 22:39:57.860043 CDT | itr #1 | Computing loss after
2018-11-01 22:39:57.863333 CDT | itr #1 | Saved
2018-11-01 22:39:57.863938 CDT | -----------------------  ---------------
2018-11-01 22:39:57.864062 CDT | PolicyExecTime               0.339777
2018-11-01 22:39:57.864170 CDT | EnvExecTime                  0.238215
2018-11-01 22:39:57.864273 CDT | ProcessExecTime              0.0278523
2018-11-01 22:39:57.864373 CDT | AbsLearnSignal               0.775201
2018-11-01 22:39:57.864472 CDT | Iteration                    1
2018-11-01 22:39:57.864571 CDT | AverageDiscountedReturn   -541.065
2018-11-01 22:39:57.864671 CDT | AverageReturn            -1274.54
2018-11-01 22:39:57.864771 CDT | ExplainedVariance            0.94437
2018-11-01 22:39:57.864869 CDT | NumTrajs                    32
2018-11-01 22:39:57.864968 CDT | Entropy                      1.41213
2018-11-01 22:39:57.865073 CDT | Perplexity                   4.1047
2018-11-01 22:39:57.865173 CDT | StdReturn                   61.9477
2018-11-01 22:39:57.865274 CDT | MaxReturn                -1146.69
2018-11-01 22:39:57.865373 CDT | MinReturn                -1368.44
2018-11-01 22:39:57.865473 CDT | AveragePolicyStd             0.993217
2018-11-01 22:39:57.865572 CDT | LossBefore                  -1.19209e-09
2018-11-01 22:39:57.865671 CDT | LossAfter                   -0.0191965
2018-11-01 22:39:57.865775 CDT | MeanKLBefore                 0
2018-11-01 22:39:57.865875 CDT | MeanKL                       0.00986864
2018-11-01 22:39:57.865976 CDT | dLoss                        0.0191965
2018-11-01 22:39:57.866083 CDT | Time                         2.36451
2018-11-01 22:39:57.866185 CDT | ItrTime                      0.850482
2018-11-01 22:39:57.866285 CDT | -----------------------  ---------------
2018-11-01 22:39:57.866777 CDT | itr #2 | Mem: 1232.042969
2018-11-01 22:39:57.866915 CDT | itr #2 | Obtaining samples...
2018-11-01 22:39:57.867032 CDT | itr #2 | Obtaining samples for iteration 2...
2018-11-01 22:39:58.430642 CDT | itr #2 | Processing samples...
2018-11-01 22:39:58.433590 CDT | itr #2 | fitting baseline...
2018-11-01 22:39:58.435206 CDT | itr #2 | fitted
2018-11-01 22:39:58.435708 CDT | itr #2 | Logging diagnostics...
2018-11-01 22:39:58.436085 CDT | itr #2 | Optimizing policy...
2018-11-01 22:39:58.436276 CDT | itr #2 | Computing loss before
2018-11-01 22:39:58.444048 CDT | itr #2 | Computing KL before
2018-11-01 22:39:58.450432 CDT | itr #2 | Optimizing
2018-11-01 22:39:58.514851 CDT | itr #2 | Start CG optimization: #parameters: 5502, #inputs: 6400, #subsample_inputs: 6400
2018-11-01 22:39:58.555835 CDT | itr #2 | computing loss before
2018-11-01 22:39:58.557309 CDT | itr #2 | performing update
2018-11-01 22:39:58.557593 CDT | itr #2 | computing gradient
2018-11-01 22:39:58.559355 CDT | itr #2 | gradient computed
2018-11-01 22:39:58.559497 CDT | itr #2 | computing descent direction
2018-11-01 22:39:58.642239 CDT | itr #2 | descent direction computed
2018-11-01 22:39:58.649636 CDT | itr #2 | backtrack iters: 1
2018-11-01 22:39:58.649853 CDT | itr #2 | computing loss after
2018-11-01 22:39:58.649988 CDT | itr #2 | optimization finished
2018-11-01 22:39:58.689564 CDT | itr #2 | Computing KL after
2018-11-01 22:39:58.690741 CDT | itr #2 | Computing loss after
2018-11-01 22:39:58.694428 CDT | itr #2 | Saved
2018-11-01 22:39:58.695369 CDT | -----------------------  ---------------
2018-11-01 22:39:58.695571 CDT | PolicyExecTime               0.30743
2018-11-01 22:39:58.695778 CDT | EnvExecTime                  0.221561
2018-11-01 22:39:58.695995 CDT | ProcessExecTime              0.0279582
2018-11-01 22:39:58.696169 CDT | AbsLearnSignal               0.793577
2018-11-01 22:39:58.696344 CDT | Iteration                    2
2018-11-01 22:39:58.696525 CDT | AverageDiscountedReturn   -521.36
2018-11-01 22:39:58.696692 CDT | AverageReturn            -1195.16
2018-11-01 22:39:58.696862 CDT | ExplainedVariance            0.926063
2018-11-01 22:39:58.697035 CDT | NumTrajs                    32
2018-11-01 22:39:58.697198 CDT | Entropy                      1.44739
2018-11-01 22:39:58.697391 CDT | Perplexity                   4.25201
2018-11-01 22:39:58.697567 CDT | StdReturn                   88.48
2018-11-01 22:39:58.697738 CDT | MaxReturn                 -916.583
2018-11-01 22:39:58.697896 CDT | MinReturn                -1350.43
2018-11-01 22:39:58.698063 CDT | AveragePolicyStd             1.02886
2018-11-01 22:39:58.698265 CDT | LossBefore                  -5.96046e-09
2018-11-01 22:39:58.698460 CDT | LossAfter                   -0.0185384
2018-11-01 22:39:58.698675 CDT | MeanKLBefore                 0
2018-11-01 22:39:58.698829 CDT | MeanKL                       0.00814415
2018-11-01 22:39:58.698976 CDT | dLoss                        0.0185384
2018-11-01 22:39:58.699134 CDT | Time                         3.19572
2018-11-01 22:39:58.699295 CDT | ItrTime                      0.827946
2018-11-01 22:39:58.699470 CDT | -----------------------  ---------------
2018-11-01 22:39:58.700103 CDT | itr #3 | Mem: 1232.550781
2018-11-01 22:39:58.700281 CDT | itr #3 | Obtaining samples...
2018-11-01 22:39:58.700438 CDT | itr #3 | Obtaining samples for iteration 3...
2018-11-01 22:39:59.285183 CDT | itr #3 | Processing samples...
2018-11-01 22:39:59.288226 CDT | itr #3 | fitting baseline...
2018-11-01 22:39:59.297991 CDT | itr #3 | fitted
2018-11-01 22:39:59.298652 CDT | itr #3 | Logging diagnostics...
2018-11-01 22:39:59.299057 CDT | itr #3 | Optimizing policy...
2018-11-01 22:39:59.299281 CDT | itr #3 | Computing loss before
2018-11-01 22:39:59.302271 CDT | itr #3 | Computing KL before
2018-11-01 22:39:59.303874 CDT | itr #3 | Optimizing
2018-11-01 22:39:59.375395 CDT | itr #3 | Start CG optimization: #parameters: 5502, #inputs: 6400, #subsample_inputs: 6400
2018-11-01 22:39:59.412728 CDT | itr #3 | computing loss before
2018-11-01 22:39:59.414081 CDT | itr #3 | performing update
2018-11-01 22:39:59.414228 CDT | itr #3 | computing gradient
2018-11-01 22:39:59.415627 CDT | itr #3 | gradient computed
2018-11-01 22:39:59.415769 CDT | itr #3 | computing descent direction
2018-11-01 22:39:59.498871 CDT | itr #3 | descent direction computed
2018-11-01 22:39:59.501161 CDT | itr #3 | backtrack iters: 0
2018-11-01 22:39:59.501324 CDT | itr #3 | computing loss after
2018-11-01 22:39:59.501441 CDT | itr #3 | optimization finished
2018-11-01 22:39:59.539892 CDT | itr #3 | Computing KL after
2018-11-01 22:39:59.542949 CDT | itr #3 | Computing loss after
2018-11-01 22:39:59.548049 CDT | itr #3 | Saved
2018-11-01 22:39:59.548736 CDT | -----------------------  ---------------
2018-11-01 22:39:59.548874 CDT | PolicyExecTime               0.307668
2018-11-01 22:39:59.548984 CDT | EnvExecTime                  0.241434
2018-11-01 22:39:59.549096 CDT | ProcessExecTime              0.0286353
2018-11-01 22:39:59.549200 CDT | AbsLearnSignal               0.799542
2018-11-01 22:39:59.549302 CDT | Iteration                    3
2018-11-01 22:39:59.549404 CDT | AverageDiscountedReturn   -479.204
2018-11-01 22:39:59.549507 CDT | AverageReturn            -1093.47
2018-11-01 22:39:59.549608 CDT | ExplainedVariance            0.923882
2018-11-01 22:39:59.549709 CDT | NumTrajs                    32
2018-11-01 22:39:59.549811 CDT | Entropy                      1.45924
2018-11-01 22:39:59.549912 CDT | Perplexity                   4.3027
2018-11-01 22:39:59.550013 CDT | StdReturn                   81.6072
2018-11-01 22:39:59.550114 CDT | MaxReturn                 -902.959
2018-11-01 22:39:59.550216 CDT | MinReturn                -1317.43
2018-11-01 22:39:59.550317 CDT | AveragePolicyStd             1.04113
2018-11-01 22:39:59.550418 CDT | LossBefore                  -4.76837e-09
2018-11-01 22:39:59.550519 CDT | LossAfter                   -0.0166431
2018-11-01 22:39:59.550620 CDT | MeanKLBefore                 0
2018-11-01 22:39:59.550722 CDT | MeanKL                       0.00663378
2018-11-01 22:39:59.550825 CDT | dLoss                        0.0166431
2018-11-01 22:39:59.550926 CDT | Time                         4.0493
2018-11-01 22:39:59.551027 CDT | ItrTime                      0.848204
2018-11-01 22:39:59.551198 CDT | -----------------------  ---------------
2018-11-01 22:39:59.551725 CDT | itr #4 | Mem: 1232.652344
2018-11-01 22:39:59.551861 CDT | itr #4 | Obtaining samples...
2018-11-01 22:39:59.551974 CDT | itr #4 | Obtaining samples for iteration 4...
2018-11-01 22:40:00.107552 CDT | itr #4 | Processing samples...
2018-11-01 22:40:00.110565 CDT | itr #4 | fitting baseline...
2018-11-01 22:40:00.117257 CDT | itr #4 | fitted
2018-11-01 22:40:00.117824 CDT | itr #4 | Logging diagnostics...
2018-11-01 22:40:00.118225 CDT | itr #4 | Optimizing policy...
2018-11-01 22:40:00.118457 CDT | itr #4 | Computing loss before
2018-11-01 22:40:00.121731 CDT | itr #4 | Computing KL before
2018-11-01 22:40:00.123180 CDT | itr #4 | Optimizing
2018-11-01 22:40:00.168256 CDT | itr #4 | Start CG optimization: #parameters: 5502, #inputs: 6400, #subsample_inputs: 6400
2018-11-01 22:40:00.207724 CDT | itr #4 | computing loss before
2018-11-01 22:40:00.209484 CDT | itr #4 | performing update
2018-11-01 22:40:00.209660 CDT | itr #4 | computing gradient
2018-11-01 22:40:00.212098 CDT | itr #4 | gradient computed
2018-11-01 22:40:00.212289 CDT | itr #4 | computing descent direction
2018-11-01 22:40:00.293570 CDT | itr #4 | descent direction computed
2018-11-01 22:40:00.297902 CDT | itr #4 | backtrack iters: 1
2018-11-01 22:40:00.298092 CDT | itr #4 | computing loss after
2018-11-01 22:40:00.298217 CDT | itr #4 | optimization finished
2018-11-01 22:40:00.336643 CDT | itr #4 | Computing KL after
2018-11-01 22:40:00.340535 CDT | itr #4 | Computing loss after
2018-11-01 22:40:00.345264 CDT | itr #4 | Saved
2018-11-01 22:40:00.345884 CDT | -----------------------  ---------------
2018-11-01 22:40:00.346007 CDT | PolicyExecTime               0.289989
2018-11-01 22:40:00.346114 CDT | EnvExecTime                  0.230316
2018-11-01 22:40:00.346217 CDT | ProcessExecTime              0.0286324
2018-11-01 22:40:00.346318 CDT | AbsLearnSignal               0.81127
2018-11-01 22:40:00.346419 CDT | Iteration                    4
2018-11-01 22:40:00.346518 CDT | AverageDiscountedReturn   -473.249
2018-11-01 22:40:00.346617 CDT | AverageReturn            -1061.02
2018-11-01 22:40:00.346716 CDT | ExplainedVariance            0.917488
2018-11-01 22:40:00.346815 CDT | NumTrajs                    32
2018-11-01 22:40:00.346914 CDT | Entropy                      1.48449
2018-11-01 22:40:00.347014 CDT | Perplexity                   4.41269
2018-11-01 22:40:00.347122 CDT | StdReturn                   88.9172
2018-11-01 22:40:00.347223 CDT | MaxReturn                 -858.329
2018-11-01 22:40:00.347322 CDT | MinReturn                -1208.38
2018-11-01 22:40:00.347422 CDT | AveragePolicyStd             1.06774
2018-11-01 22:40:00.347522 CDT | LossBefore                   4.76837e-09
2018-11-01 22:40:00.347621 CDT | LossAfter                   -0.0129617
2018-11-01 22:40:00.347720 CDT | MeanKLBefore                 0
2018-11-01 22:40:00.347820 CDT | MeanKL                       0.0081494
2018-11-01 22:40:00.347920 CDT | dLoss                        0.0129617
2018-11-01 22:40:00.348019 CDT | Time                         4.84645
2018-11-01 22:40:00.348126 CDT | ItrTime                      0.793733
2018-11-01 22:40:00.348226 CDT | -----------------------  ---------------
2018-11-01 22:40:00.348683 CDT | itr #5 | Mem: 1232.652344
2018-11-01 22:40:00.348806 CDT | itr #5 | Obtaining samples...
2018-11-01 22:40:00.348915 CDT | itr #5 | Obtaining samples for iteration 5...
2018-11-01 22:40:00.908498 CDT | itr #5 | Processing samples...
2018-11-01 22:40:00.911564 CDT | itr #5 | fitting baseline...
2018-11-01 22:40:00.921221 CDT | itr #5 | fitted
2018-11-01 22:40:00.921861 CDT | itr #5 | Logging diagnostics...
2018-11-01 22:40:00.922261 CDT | itr #5 | Optimizing policy...
2018-11-01 22:40:00.922453 CDT | itr #5 | Computing loss before
2018-11-01 22:40:00.925547 CDT | itr #5 | Computing KL before
2018-11-01 22:40:00.928270 CDT | itr #5 | Optimizing
2018-11-01 22:40:00.996744 CDT | itr #5 | Start CG optimization: #parameters: 5502, #inputs: 6400, #subsample_inputs: 6400
2018-11-01 22:40:01.045056 CDT | itr #5 | computing loss before
2018-11-01 22:40:01.046657 CDT | itr #5 | performing update
2018-11-01 22:40:01.046878 CDT | itr #5 | computing gradient
2018-11-01 22:40:01.048667 CDT | itr #5 | gradient computed
2018-11-01 22:40:01.048904 CDT | itr #5 | computing descent direction
2018-11-01 22:40:01.126925 CDT | itr #5 | descent direction computed
2018-11-01 22:40:01.130856 CDT | itr #5 | backtrack iters: 1
2018-11-01 22:40:01.131038 CDT | itr #5 | computing loss after
2018-11-01 22:40:01.131230 CDT | itr #5 | optimization finished
2018-11-01 22:40:01.169483 CDT | itr #5 | Computing KL after
2018-11-01 22:40:01.172107 CDT | itr #5 | Computing loss after
2018-11-01 22:40:01.177309 CDT | itr #5 | Saved
2018-11-01 22:40:01.178317 CDT | -----------------------  ---------------
2018-11-01 22:40:01.178460 CDT | PolicyExecTime               0.301297
2018-11-01 22:40:01.178658 CDT | EnvExecTime                  0.222966
2018-11-01 22:40:01.178836 CDT | ProcessExecTime              0.0287468
2018-11-01 22:40:01.179029 CDT | AbsLearnSignal               0.814593
2018-11-01 22:40:01.179229 CDT | Iteration                    5
2018-11-01 22:40:01.179405 CDT | AverageDiscountedReturn   -455.571
2018-11-01 22:40:01.179587 CDT | AverageReturn             -994.058
2018-11-01 22:40:01.179782 CDT | ExplainedVariance            0.919405
2018-11-01 22:40:01.179967 CDT | NumTrajs                    32
2018-11-01 22:40:01.180144 CDT | Entropy                      1.49403
2018-11-01 22:40:01.180422 CDT | Perplexity                   4.455
2018-11-01 22:40:01.180608 CDT | StdReturn                   79.3996
2018-11-01 22:40:01.180801 CDT | MaxReturn                 -854.125
2018-11-01 22:40:01.180997 CDT | MinReturn                -1170.65
2018-11-01 22:40:01.181181 CDT | AveragePolicyStd             1.07798
2018-11-01 22:40:01.181353 CDT | LossBefore                   2.38419e-09
2018-11-01 22:40:01.181536 CDT | LossAfter                   -0.00799276
2018-11-01 22:40:01.181721 CDT | MeanKLBefore                 0
2018-11-01 22:40:01.181916 CDT | MeanKL                       0.0068472
2018-11-01 22:40:01.182099 CDT | dLoss                        0.00799276
2018-11-01 22:40:01.182288 CDT | Time                         5.67858
2018-11-01 22:40:01.182472 CDT | ItrTime                      0.828894
2018-11-01 22:40:01.182652 CDT | -----------------------  ---------------
2018-11-01 22:40:01.183354 CDT | itr #6 | Mem: 1232.679688
2018-11-01 22:40:01.183561 CDT | itr #6 | Obtaining samples...
2018-11-01 22:40:01.183761 CDT | itr #6 | Obtaining samples for iteration 6...
2018-11-01 22:40:01.735069 CDT | itr #6 | Processing samples...
2018-11-01 22:40:01.738023 CDT | itr #6 | fitting baseline...
2018-11-01 22:40:01.740332 CDT | itr #6 | fitted
2018-11-01 22:40:01.740925 CDT | itr #6 | Logging diagnostics...
2018-11-01 22:40:01.741433 CDT | itr #6 | Optimizing policy...
2018-11-01 22:40:01.741623 CDT | itr #6 | Computing loss before
2018-11-01 22:40:01.765088 CDT | itr #6 | Computing KL before
2018-11-01 22:40:01.766451 CDT | itr #6 | Optimizing
2018-11-01 22:40:01.811993 CDT | itr #6 | Start CG optimization: #parameters: 5502, #inputs: 6400, #subsample_inputs: 6400
2018-11-01 22:40:01.850533 CDT | itr #6 | computing loss before
2018-11-01 22:40:01.852185 CDT | itr #6 | performing update
2018-11-01 22:40:01.852359 CDT | itr #6 | computing gradient
2018-11-01 22:40:01.853878 CDT | itr #6 | gradient computed
2018-11-01 22:40:01.854014 CDT | itr #6 | computing descent direction
2018-11-01 22:40:01.933316 CDT | itr #6 | descent direction computed
2018-11-01 22:40:01.935348 CDT | itr #6 | backtrack iters: 0
2018-11-01 22:40:01.935516 CDT | itr #6 | computing loss after
2018-11-01 22:40:01.935641 CDT | itr #6 | optimization finished
2018-11-01 22:40:01.973054 CDT | itr #6 | Computing KL after
2018-11-01 22:40:01.974498 CDT | itr #6 | Computing loss after
2018-11-01 22:40:01.977632 CDT | itr #6 | Saved
2018-11-01 22:40:01.978393 CDT | -----------------------  --------------
2018-11-01 22:40:01.978541 CDT | PolicyExecTime               0.298592
2018-11-01 22:40:01.978651 CDT | EnvExecTime                  0.21869
2018-11-01 22:40:01.978753 CDT | ProcessExecTime              0.0271735
2018-11-01 22:40:01.978854 CDT | AbsLearnSignal               0.799832
2018-11-01 22:40:01.978963 CDT | Iteration                    6
2018-11-01 22:40:01.979083 CDT | AverageDiscountedReturn   -452.926
2018-11-01 22:40:01.979199 CDT | AverageReturn            -1001.33
2018-11-01 22:40:01.979299 CDT | ExplainedVariance            0.921392
2018-11-01 22:40:01.979401 CDT | NumTrajs                    32
2018-11-01 22:40:01.979502 CDT | Entropy                      1.50997
2018-11-01 22:40:01.979602 CDT | Perplexity                   4.5266
2018-11-01 22:40:01.979701 CDT | StdReturn                   88.776
2018-11-01 22:40:01.979801 CDT | MaxReturn                 -858.93
2018-11-01 22:40:01.979908 CDT | MinReturn                -1186.43
2018-11-01 22:40:01.980008 CDT | AveragePolicyStd             1.0953
2018-11-01 22:40:01.980115 CDT | LossBefore                  -0
2018-11-01 22:40:01.980215 CDT | LossAfter                   -0.0110406
2018-11-01 22:40:01.980328 CDT | MeanKLBefore                 0
2018-11-01 22:40:01.980428 CDT | MeanKL                       0.00906706
2018-11-01 22:40:01.980528 CDT | dLoss                        0.0110406
2018-11-01 22:40:01.980628 CDT | Time                         6.47886
2018-11-01 22:40:01.980734 CDT | ItrTime                      0.794521
2018-11-01 22:40:01.980833 CDT | -----------------------  --------------
2018-11-01 22:40:01.981397 CDT | itr #7 | Mem: 1232.679688
2018-11-01 22:40:01.981530 CDT | itr #7 | Obtaining samples...
2018-11-01 22:40:01.981641 CDT | itr #7 | Obtaining samples for iteration 7...
2018-11-01 22:40:22.371902 CDT | observation space: Box(3,)
2018-11-01 22:40:22.372105 CDT | action space: Box(1,)
2018-11-01 22:40:22.827496 CDT | observation space: Box(3,)
2018-11-01 22:40:22.827668 CDT | action space: Box(1,)
2018-11-01 22:40:22.828217 CDT | observation space: Box(3,)
2018-11-01 22:40:22.828373 CDT | action space: Box(1,)
2018-11-01 22:40:22.829010 CDT | observation space: Box(3,)
2018-11-01 22:40:22.829176 CDT | action space: Box(1,)
2018-11-01 22:40:22.829709 CDT | observation space: Box(3,)
2018-11-01 22:40:22.829847 CDT | action space: Box(1,)
2018-11-01 22:40:22.830409 CDT | observation space: Box(3,)
2018-11-01 22:40:22.830564 CDT | action space: Box(1,)
2018-11-01 22:40:22.831156 CDT | observation space: Box(3,)
2018-11-01 22:40:22.831304 CDT | action space: Box(1,)
2018-11-01 22:40:22.832043 CDT | observation space: Box(3,)
2018-11-01 22:40:22.832267 CDT | action space: Box(1,)
2018-11-01 22:40:22.832891 CDT | observation space: Box(3,)
2018-11-01 22:40:22.833030 CDT | action space: Box(1,)
2018-11-01 22:40:22.833607 CDT | observation space: Box(3,)
2018-11-01 22:40:22.833744 CDT | action space: Box(1,)
2018-11-01 22:40:22.834364 CDT | observation space: Box(3,)
2018-11-01 22:40:22.834501 CDT | action space: Box(1,)
2018-11-01 22:40:22.835120 CDT | observation space: Box(3,)
2018-11-01 22:40:22.835258 CDT | action space: Box(1,)
2018-11-01 22:40:22.835802 CDT | observation space: Box(3,)
2018-11-01 22:40:22.835937 CDT | action space: Box(1,)
2018-11-01 22:40:22.836577 CDT | observation space: Box(3,)
2018-11-01 22:40:22.836774 CDT | action space: Box(1,)
2018-11-01 22:40:22.837607 CDT | observation space: Box(3,)
2018-11-01 22:40:22.837829 CDT | action space: Box(1,)
2018-11-01 22:40:22.838635 CDT | observation space: Box(3,)
2018-11-01 22:40:22.838870 CDT | action space: Box(1,)
2018-11-01 22:40:22.839666 CDT | observation space: Box(3,)
2018-11-01 22:40:22.839904 CDT | action space: Box(1,)
2018-11-01 22:40:23.421557 CDT | No checkpoint /home/robocop/Projects/rllabplusplus/data/local/default/HalfCheetah-v1-5000--an-trpo--bc-linear--bhs-32x32--gl-0-97--ksb-0--phn-tanh--phs-100x50--pon-None--ss-0-01--s-1/params.chk
2018-11-01 22:40:23.428271 CDT | itr #0 | Mem: 1043.550781
2018-11-01 22:40:23.428450 CDT | itr #0 | Obtaining samples...
2018-11-01 22:40:23.428563 CDT | itr #0 | Obtaining samples for iteration 0...
2018-11-01 22:40:24.162907 CDT | itr #0 | Processing samples...
2018-11-01 22:40:24.165144 CDT | itr #0 | fitting baseline...
2018-11-01 22:40:24.175429 CDT | itr #0 | fitted
2018-11-01 22:40:24.178865 CDT | itr #0 | Logging diagnostics...
2018-11-01 22:40:24.180398 CDT | itr #0 | Optimizing policy...
2018-11-01 22:40:24.180911 CDT | itr #0 | Computing loss before
2018-11-01 22:40:24.242611 CDT | itr #0 | Computing KL before
2018-11-01 22:40:24.263071 CDT | itr #0 | Optimizing
2018-11-01 22:40:24.307869 CDT | itr #0 | Start CG optimization: #parameters: 5502, #inputs: 6400, #subsample_inputs: 6400
2018-11-01 22:40:24.344564 CDT | itr #0 | computing loss before
2018-11-01 22:40:24.345754 CDT | itr #0 | performing update
2018-11-01 22:40:24.345898 CDT | itr #0 | computing gradient
2018-11-01 22:40:24.402867 CDT | itr #0 | gradient computed
2018-11-01 22:40:24.403057 CDT | itr #0 | computing descent direction
2018-11-01 22:40:24.697961 CDT | itr #0 | descent direction computed
2018-11-01 22:40:24.757658 CDT | itr #0 | backtrack iters: 2
2018-11-01 22:40:24.757838 CDT | itr #0 | computing loss after
2018-11-01 22:40:24.757949 CDT | itr #0 | optimization finished
2018-11-01 22:40:24.794588 CDT | itr #0 | Computing KL after
2018-11-01 22:40:24.797163 CDT | itr #0 | Computing loss after
2018-11-01 22:40:24.801121 CDT | itr #0 | Saved
2018-11-01 22:40:24.801767 CDT | -----------------------  ---------------
2018-11-01 22:40:24.801903 CDT | PolicyExecTime               0.472544
2018-11-01 22:40:24.802031 CDT | EnvExecTime                  0.227679
2018-11-01 22:40:24.802153 CDT | ProcessExecTime              0.0275784
2018-11-01 22:40:24.802271 CDT | AbsLearnSignal               0.73693
2018-11-01 22:40:24.802387 CDT | Iteration                    0
2018-11-01 22:40:24.802498 CDT | AverageDiscountedReturn   -567.479
2018-11-01 22:40:24.802612 CDT | AverageReturn            -1344.13
2018-11-01 22:40:24.802730 CDT | ExplainedVariance            3.73035e-13
2018-11-01 22:40:24.802848 CDT | NumTrajs                    32
2018-11-01 22:40:24.802965 CDT | Entropy                      1.41894
2018-11-01 22:40:24.803086 CDT | Perplexity                   4.13273
2018-11-01 22:40:24.803216 CDT | StdReturn                   67.2496
2018-11-01 22:40:24.803336 CDT | MaxReturn                -1172.05
2018-11-01 22:40:24.803453 CDT | MinReturn                -1546.51
2018-11-01 22:40:24.803569 CDT | AveragePolicyStd             1
2018-11-01 22:40:24.803681 CDT | LossBefore                   4.76837e-09
2018-11-01 22:40:24.803782 CDT | LossAfter                   -0.00496326
2018-11-01 22:40:24.803908 CDT | MeanKLBefore                 0
2018-11-01 22:40:24.804009 CDT | MeanKL                       0.0068161
2018-11-01 22:40:24.804110 CDT | dLoss                        0.00496327
2018-11-01 22:40:24.804211 CDT | Time                         1.37308
2018-11-01 22:40:24.804311 CDT | ItrTime                      1.37307
2018-11-01 22:40:24.804412 CDT | -----------------------  ---------------
2018-11-01 22:40:24.812289 CDT | itr #1 | Mem: 1232.222656
2018-11-01 22:40:24.812478 CDT | itr #1 | Obtaining samples...
2018-11-01 22:40:24.812622 CDT | itr #1 | Obtaining samples for iteration 1...
2018-11-01 22:40:25.412094 CDT | itr #1 | Processing samples...
2018-11-01 22:40:25.415158 CDT | itr #1 | fitting baseline...
2018-11-01 22:40:25.416784 CDT | itr #1 | fitted
2018-11-01 22:40:25.417330 CDT | itr #1 | Logging diagnostics...
2018-11-01 22:40:25.417703 CDT | itr #1 | Optimizing policy...
2018-11-01 22:40:25.417899 CDT | itr #1 | Computing loss before
2018-11-01 22:40:25.432399 CDT | itr #1 | Computing KL before
2018-11-01 22:40:25.443245 CDT | itr #1 | Optimizing
2018-11-01 22:40:25.497204 CDT | itr #1 | Start CG optimization: #parameters: 5502, #inputs: 6400, #subsample_inputs: 6400
2018-11-01 22:40:25.535004 CDT | itr #1 | computing loss before
2018-11-01 22:40:25.540614 CDT | itr #1 | performing update
2018-11-01 22:40:25.540818 CDT | itr #1 | computing gradient
2018-11-01 22:40:25.542696 CDT | itr #1 | gradient computed
2018-11-01 22:40:25.542832 CDT | itr #1 | computing descent direction
2018-11-01 22:40:25.624265 CDT | itr #1 | descent direction computed
2018-11-01 22:40:25.627719 CDT | itr #1 | backtrack iters: 1
2018-11-01 22:40:25.627876 CDT | itr #1 | computing loss after
2018-11-01 22:40:25.627990 CDT | itr #1 | optimization finished
2018-11-01 22:40:25.666882 CDT | itr #1 | Computing KL after
2018-11-01 22:40:25.668215 CDT | itr #1 | Computing loss after
2018-11-01 22:40:25.671954 CDT | itr #1 | Saved
2018-11-01 22:40:25.672625 CDT | -----------------------  ---------------
2018-11-01 22:40:25.672749 CDT | PolicyExecTime               0.3169
2018-11-01 22:40:25.672857 CDT | EnvExecTime                  0.24458
2018-11-01 22:40:25.672965 CDT | ProcessExecTime              0.0312073
2018-11-01 22:40:25.673078 CDT | AbsLearnSignal               0.782329
2018-11-01 22:40:25.673190 CDT | Iteration                    1
2018-11-01 22:40:25.673293 CDT | AverageDiscountedReturn   -558.097
2018-11-01 22:40:25.673392 CDT | AverageReturn            -1307.15
2018-11-01 22:40:25.673496 CDT | ExplainedVariance            0.951108
2018-11-01 22:40:25.673614 CDT | NumTrajs                    32
2018-11-01 22:40:25.673720 CDT | Entropy                      1.42094
2018-11-01 22:40:25.673830 CDT | Perplexity                   4.141
2018-11-01 22:40:25.673929 CDT | StdReturn                   80.4868
2018-11-01 22:40:25.674033 CDT | MaxReturn                -1153.87
2018-11-01 22:40:25.674131 CDT | MinReturn                -1509.9
2018-11-01 22:40:25.674233 CDT | AveragePolicyStd             1.002
2018-11-01 22:40:25.674333 CDT | LossBefore                  -4.76837e-09
2018-11-01 22:40:25.674438 CDT | LossAfter                   -0.0190891
2018-11-01 22:40:25.674545 CDT | MeanKLBefore                 0
2018-11-01 22:40:25.674652 CDT | MeanKL                       0.00973394
2018-11-01 22:40:25.674754 CDT | dLoss                        0.0190891
2018-11-01 22:40:25.674852 CDT | Time                         2.24392
2018-11-01 22:40:25.674951 CDT | ItrTime                      0.859896
2018-11-01 22:40:25.675056 CDT | -----------------------  ---------------
2018-11-01 22:40:25.675593 CDT | itr #2 | Mem: 1232.453125
2018-11-01 22:40:25.675714 CDT | itr #2 | Obtaining samples...
2018-11-01 22:40:25.675824 CDT | itr #2 | Obtaining samples for iteration 2...
2018-11-01 22:40:26.279249 CDT | itr #2 | Processing samples...
2018-11-01 22:40:26.282241 CDT | itr #2 | fitting baseline...
2018-11-01 22:40:26.283797 CDT | itr #2 | fitted
2018-11-01 22:40:26.284305 CDT | itr #2 | Logging diagnostics...
2018-11-01 22:40:26.284683 CDT | itr #2 | Optimizing policy...
2018-11-01 22:40:26.284877 CDT | itr #2 | Computing loss before
2018-11-01 22:40:26.308168 CDT | itr #2 | Computing KL before
2018-11-01 22:40:26.309684 CDT | itr #2 | Optimizing
2018-11-01 22:40:26.365213 CDT | itr #2 | Start CG optimization: #parameters: 5502, #inputs: 6400, #subsample_inputs: 6400
2018-11-01 22:40:26.406533 CDT | itr #2 | computing loss before
2018-11-01 22:40:26.407996 CDT | itr #2 | performing update
2018-11-01 22:40:26.408169 CDT | itr #2 | computing gradient
2018-11-01 22:40:26.409676 CDT | itr #2 | gradient computed
2018-11-01 22:40:26.409918 CDT | itr #2 | computing descent direction
2018-11-01 22:40:26.492312 CDT | itr #2 | descent direction computed
2018-11-01 22:40:26.494361 CDT | itr #2 | backtrack iters: 0
2018-11-01 22:40:26.494531 CDT | itr #2 | computing loss after
2018-11-01 22:40:26.494641 CDT | itr #2 | optimization finished
2018-11-01 22:40:26.533497 CDT | itr #2 | Computing KL after
2018-11-01 22:40:26.534691 CDT | itr #2 | Computing loss after
2018-11-01 22:40:26.537820 CDT | itr #2 | Saved
2018-11-01 22:40:26.538460 CDT | -----------------------  ---------------
2018-11-01 22:40:26.538587 CDT | PolicyExecTime               0.331987
2018-11-01 22:40:26.538694 CDT | EnvExecTime                  0.23639
2018-11-01 22:40:26.538797 CDT | ProcessExecTime              0.0279925
2018-11-01 22:40:26.538898 CDT | AbsLearnSignal               0.790964
2018-11-01 22:40:26.538998 CDT | Iteration                    2
2018-11-01 22:40:26.539115 CDT | AverageDiscountedReturn   -525.189
2018-11-01 22:40:26.539218 CDT | AverageReturn            -1207.66
2018-11-01 22:40:26.539317 CDT | ExplainedVariance            0.934363
2018-11-01 22:40:26.539417 CDT | NumTrajs                    32
2018-11-01 22:40:26.539516 CDT | Entropy                      1.44876
2018-11-01 22:40:26.539615 CDT | Perplexity                   4.25781
2018-11-01 22:40:26.539714 CDT | StdReturn                   77.7428
2018-11-01 22:40:26.539813 CDT | MaxReturn                -1040.96
2018-11-01 22:40:26.539912 CDT | MinReturn                -1358.47
2018-11-01 22:40:26.540012 CDT | AveragePolicyStd             1.03027
2018-11-01 22:40:26.540117 CDT | LossBefore                  -9.53674e-09
2018-11-01 22:40:26.540216 CDT | LossAfter                   -0.0188573
2018-11-01 22:40:26.540315 CDT | MeanKLBefore                 0
2018-11-01 22:40:26.540413 CDT | MeanKL                       0.00962711
2018-11-01 22:40:26.540512 CDT | dLoss                        0.0188573
2018-11-01 22:40:26.540611 CDT | Time                         3.10977
2018-11-01 22:40:26.540710 CDT | ItrTime                      0.862415
2018-11-01 22:40:26.540810 CDT | -----------------------  ---------------
2018-11-01 22:40:26.541336 CDT | itr #3 | Mem: 1232.710938
2018-11-01 22:40:26.541544 CDT | itr #3 | Obtaining samples...
2018-11-01 22:40:26.541748 CDT | itr #3 | Obtaining samples for iteration 3...
2018-11-01 22:40:27.151527 CDT | itr #3 | Processing samples...
2018-11-01 22:40:27.154648 CDT | itr #3 | fitting baseline...
2018-11-01 22:40:27.156186 CDT | itr #3 | fitted
2018-11-01 22:40:27.156726 CDT | itr #3 | Logging diagnostics...
2018-11-01 22:40:27.157115 CDT | itr #3 | Optimizing policy...
2018-11-01 22:40:27.157311 CDT | itr #3 | Computing loss before
2018-11-01 22:40:27.158980 CDT | itr #3 | Computing KL before
2018-11-01 22:40:27.160080 CDT | itr #3 | Optimizing
2018-11-01 22:40:27.204068 CDT | itr #3 | Start CG optimization: #parameters: 5502, #inputs: 6400, #subsample_inputs: 6400
2018-11-01 22:40:27.245295 CDT | itr #3 | computing loss before
2018-11-01 22:40:27.246597 CDT | itr #3 | performing update
2018-11-01 22:40:27.246749 CDT | itr #3 | computing gradient
2018-11-01 22:40:27.248364 CDT | itr #3 | gradient computed
2018-11-01 22:40:27.248516 CDT | itr #3 | computing descent direction
2018-11-01 22:40:27.325979 CDT | itr #3 | descent direction computed
2018-11-01 22:40:27.328126 CDT | itr #3 | backtrack iters: 0
2018-11-01 22:40:27.328297 CDT | itr #3 | computing loss after
2018-11-01 22:40:27.328411 CDT | itr #3 | optimization finished
2018-11-01 22:40:27.365744 CDT | itr #3 | Computing KL after
2018-11-01 22:40:27.368015 CDT | itr #3 | Computing loss after
2018-11-01 22:40:27.372815 CDT | itr #3 | Saved
2018-11-01 22:40:27.373933 CDT | -----------------------  ---------------
2018-11-01 22:40:27.374146 CDT | PolicyExecTime               0.338008
2018-11-01 22:40:27.374342 CDT | EnvExecTime                  0.235319
2018-11-01 22:40:27.374523 CDT | ProcessExecTime              0.0294547
2018-11-01 22:40:27.374724 CDT | AbsLearnSignal               0.780381
2018-11-01 22:40:27.374911 CDT | Iteration                    3
2018-11-01 22:40:27.375096 CDT | AverageDiscountedReturn   -496.611
2018-11-01 22:40:27.375309 CDT | AverageReturn            -1126.67
2018-11-01 22:40:27.375543 CDT | ExplainedVariance            0.882545
2018-11-01 22:40:27.375748 CDT | NumTrajs                    32
2018-11-01 22:40:27.375930 CDT | Entropy                      1.47307
2018-11-01 22:40:27.376109 CDT | Perplexity                   4.36262
2018-11-01 22:40:27.376346 CDT | StdReturn                  114.854
2018-11-01 22:40:27.376580 CDT | MaxReturn                 -889.68
2018-11-01 22:40:27.376758 CDT | MinReturn                -1454.25
2018-11-01 22:40:27.376936 CDT | AveragePolicyStd             1.05563
2018-11-01 22:40:27.377141 CDT | LossBefore                   4.76837e-09
2018-11-01 22:40:27.377343 CDT | LossAfter                   -0.0109036
2018-11-01 22:40:27.377520 CDT | MeanKLBefore                 0
2018-11-01 22:40:27.377697 CDT | MeanKL                       0.00403718
2018-11-01 22:40:27.377875 CDT | dLoss                        0.0109036
2018-11-01 22:40:27.378054 CDT | Time                         3.94487
2018-11-01 22:40:27.378234 CDT | ItrTime                      0.831784
