2018-11-27 04:39:21.374310 CST | observation space: Box(8,)
2018-11-27 04:39:21.374532 CST | action space: Box(2,)
2018-11-27 04:39:21.781336 CST | observation space: Box(8,)
2018-11-27 04:39:21.781520 CST | action space: Box(2,)
2018-11-27 04:39:22.298810 CST | itr #0 | Mem: 1081.695312
2018-11-27 04:39:22.299011 CST | itr #0 | Obtaining samples...
2018-11-27 04:39:22.299235 CST | itr #0 | Obtaining samples for iteration 0...
2018-11-27 04:39:23.184165 CST | itr #0 | Processing samples...
2018-11-27 04:39:23.185066 CST | itr #0 | fitting baseline...
2018-11-27 04:39:23.194804 CST | itr #0 | fitted
2018-11-27 04:39:23.195547 CST | itr #0 | Logging diagnostics...
2018-11-27 04:39:23.196042 CST | itr #0 | Optimizing policy...
2018-11-27 04:39:23.196450 CST | itr #0 | Computing loss before
2018-11-27 04:39:23.239459 CST | itr #0 | Computing KL before
2018-11-27 04:39:23.270578 CST | itr #0 | Optimizing
2018-11-27 04:39:23.311178 CST | itr #0 | Start CG optimization: #parameters: 6054, #inputs: 1048, #subsample_inputs: 1048
2018-11-27 04:39:23.344344 CST | itr #0 | computing loss before
2018-11-27 04:39:23.345863 CST | itr #0 | performing update
2018-11-27 04:39:23.346071 CST | itr #0 | computing gradient
2018-11-27 04:39:23.399762 CST | itr #0 | gradient computed
2018-11-27 04:39:23.399960 CST | itr #0 | computing descent direction
2018-11-27 04:39:23.641342 CST | itr #0 | descent direction computed
2018-11-27 04:39:23.702350 CST | itr #0 | backtrack iters: 1
2018-11-27 04:39:23.702666 CST | itr #0 | computing loss after
2018-11-27 04:39:23.702916 CST | itr #0 | optimization finished
2018-11-27 04:39:23.743977 CST | itr #0 | Computing KL after
2018-11-27 04:39:23.745128 CST | itr #0 | Computing loss after
2018-11-27 04:39:23.748378 CST | itr #0 | Saved
2018-11-27 04:39:23.749090 CST | -----------------------  ---------------
2018-11-27 04:39:23.749317 CST | PolicyExecTime               0.586963
2018-11-27 04:39:23.749540 CST | EnvExecTime                  0.269276
2018-11-27 04:39:23.749755 CST | ProcessExecTime              0.0167017
2018-11-27 04:39:23.749909 CST | AbsLearnSignal               0.808713
2018-11-27 04:39:23.750064 CST | Iteration                    0
2018-11-27 04:39:23.750219 CST | AverageDiscountedReturn   -299.438
2018-11-27 04:39:23.750357 CST | AverageReturn             -587.991
2018-11-27 04:39:23.750497 CST | ExplainedVariance            6.33382e-13
2018-11-27 04:39:23.750675 CST | NumTrajs                    11
2018-11-27 04:39:23.750829 CST | Entropy                      2.83788
2018-11-27 04:39:23.751002 CST | Perplexity                  17.0795
2018-11-27 04:39:23.751154 CST | StdReturn                  235.195
2018-11-27 04:39:23.751314 CST | MaxReturn                 -249.29
2018-11-27 04:39:23.751495 CST | MinReturn                -1071.36
2018-11-27 04:39:23.751629 CST | AveragePolicyStd             1
2018-11-27 04:39:23.751750 CST | LossBefore                  -1.81999e-09
2018-11-27 04:39:23.751871 CST | LossAfter                   -0.022093
2018-11-27 04:39:23.751992 CST | MeanKLBefore                 0
2018-11-27 04:39:23.752113 CST | MeanKL                       0.00688109
2018-11-27 04:39:23.752234 CST | dLoss                        0.022093
2018-11-27 04:39:23.752356 CST | Time                         1.44981
2018-11-27 04:39:23.752477 CST | ItrTime                      1.44979
2018-11-27 04:39:23.752601 CST | -----------------------  ---------------
2018-11-27 04:39:23.759539 CST | itr #1 | Mem: 1267.500000
2018-11-27 04:39:23.759807 CST | itr #1 | Obtaining samples...
2018-11-27 04:39:23.760035 CST | itr #1 | Obtaining samples for iteration 1...
2018-11-27 04:39:24.531980 CST | itr #1 | Processing samples...
2018-11-27 04:39:24.533195 CST | itr #1 | fitting baseline...
2018-11-27 04:39:24.536525 CST | itr #1 | fitted
2018-11-27 04:39:24.536922 CST | itr #1 | Logging diagnostics...
2018-11-27 04:39:24.537236 CST | itr #1 | Optimizing policy...
2018-11-27 04:39:24.537460 CST | itr #1 | Computing loss before
2018-11-27 04:39:24.556500 CST | itr #1 | Computing KL before
2018-11-27 04:39:24.557798 CST | itr #1 | Optimizing
2018-11-27 04:39:24.606268 CST | itr #1 | Start CG optimization: #parameters: 6054, #inputs: 1082, #subsample_inputs: 1082
2018-11-27 04:39:24.638925 CST | itr #1 | computing loss before
2018-11-27 04:39:24.640164 CST | itr #1 | performing update
2018-11-27 04:39:24.640345 CST | itr #1 | computing gradient
2018-11-27 04:39:24.641679 CST | itr #1 | gradient computed
2018-11-27 04:39:24.641841 CST | itr #1 | computing descent direction
2018-11-27 04:39:24.700451 CST | itr #1 | descent direction computed
2018-11-27 04:39:24.705672 CST | itr #1 | backtrack iters: 2
2018-11-27 04:39:24.705859 CST | itr #1 | computing loss after
2018-11-27 04:39:24.705996 CST | itr #1 | optimization finished
2018-11-27 04:39:24.739544 CST | itr #1 | Computing KL after
2018-11-27 04:39:24.740804 CST | itr #1 | Computing loss after
2018-11-27 04:39:24.744122 CST | itr #1 | Saved
2018-11-27 04:39:24.745191 CST | -----------------------  --------------
2018-11-27 04:39:24.745348 CST | PolicyExecTime              0.486413
2018-11-27 04:39:24.745517 CST | EnvExecTime                 0.256585
2018-11-27 04:39:24.745714 CST | ProcessExecTime             0.0166769
2018-11-27 04:39:24.745966 CST | AbsLearnSignal              0.526755
2018-11-27 04:39:24.746216 CST | Iteration                   1
2018-11-27 04:39:24.746387 CST | AverageDiscountedReturn  -323.488
2018-11-27 04:39:24.746514 CST | AverageReturn            -593.015
2018-11-27 04:39:24.746636 CST | ExplainedVariance           0.432122
2018-11-27 04:39:24.746759 CST | NumTrajs                   12
2018-11-27 04:39:24.746882 CST | Entropy                     2.8525
2018-11-27 04:39:24.747004 CST | Perplexity                 17.331
2018-11-27 04:39:24.747126 CST | StdReturn                 124.845
2018-11-27 04:39:24.747247 CST | MaxReturn                -403.257
2018-11-27 04:39:24.747368 CST | MinReturn                -789.73
2018-11-27 04:39:24.747489 CST | AveragePolicyStd            1.00735
2018-11-27 04:39:24.747609 CST | LossBefore                  7.0512e-09
2018-11-27 04:39:24.747730 CST | LossAfter                  -7.75632e-07
2018-11-27 04:39:24.747851 CST | MeanKLBefore                0
2018-11-27 04:39:24.747971 CST | MeanKL                      0.00410125
2018-11-27 04:39:24.748091 CST | dLoss                       7.82683e-07
2018-11-27 04:39:24.748212 CST | Time                        2.44573
2018-11-27 04:39:24.748331 CST | ItrTime                     0.984966
2018-11-27 04:39:24.748451 CST | -----------------------  --------------
2018-11-27 04:39:24.748974 CST | itr #2 | Mem: 1267.710938
2018-11-27 04:39:24.749112 CST | itr #2 | Obtaining samples...
2018-11-27 04:39:24.749240 CST | itr #2 | Obtaining samples for iteration 2...
2018-11-27 04:39:25.528619 CST | itr #2 | Processing samples...
2018-11-27 04:39:25.529751 CST | itr #2 | fitting baseline...
2018-11-27 04:39:25.530502 CST | itr #2 | fitted
2018-11-27 04:39:25.530875 CST | itr #2 | Logging diagnostics...
2018-11-27 04:39:25.531179 CST | itr #2 | Optimizing policy...
2018-11-27 04:39:25.531395 CST | itr #2 | Computing loss before
2018-11-27 04:39:25.538498 CST | itr #2 | Computing KL before
2018-11-27 04:39:25.539521 CST | itr #2 | Optimizing
2018-11-27 04:39:25.581428 CST | itr #2 | Start CG optimization: #parameters: 6054, #inputs: 1085, #subsample_inputs: 1085
2018-11-27 04:39:25.618272 CST | itr #2 | computing loss before
2018-11-27 04:39:25.619536 CST | itr #2 | performing update
2018-11-27 04:39:25.619690 CST | itr #2 | computing gradient
2018-11-27 04:39:25.621180 CST | itr #2 | gradient computed
2018-11-27 04:39:25.621338 CST | itr #2 | computing descent direction
2018-11-27 04:39:25.681304 CST | itr #2 | descent direction computed
2018-11-27 04:39:25.682986 CST | itr #2 | backtrack iters: 0
2018-11-27 04:39:25.683144 CST | itr #2 | computing loss after
2018-11-27 04:39:25.683277 CST | itr #2 | optimization finished
2018-11-27 04:39:25.716375 CST | itr #2 | Computing KL after
2018-11-27 04:39:25.717565 CST | itr #2 | Computing loss after
2018-11-27 04:39:25.721050 CST | itr #2 | Saved
2018-11-27 04:39:25.721700 CST | -----------------------  --------------
2018-11-27 04:39:25.721846 CST | PolicyExecTime              0.485692
2018-11-27 04:39:25.722025 CST | EnvExecTime                 0.263956
2018-11-27 04:39:25.722291 CST | ProcessExecTime             0.0175447
2018-11-27 04:39:25.722495 CST | AbsLearnSignal              0.760701
2018-11-27 04:39:25.722761 CST | Iteration                   2
2018-11-27 04:39:25.722916 CST | AverageDiscountedReturn  -246.563
2018-11-27 04:39:25.723072 CST | AverageReturn            -483.715
2018-11-27 04:39:25.723255 CST | ExplainedVariance           0.660483
2018-11-27 04:39:25.723437 CST | NumTrajs                   11
2018-11-27 04:39:25.723562 CST | Entropy                     2.85361
2018-11-27 04:39:25.723731 CST | Perplexity                 17.3503
2018-11-27 04:39:25.723855 CST | StdReturn                 194.59
2018-11-27 04:39:25.723979 CST | MaxReturn                 -29.0619
2018-11-27 04:39:25.724128 CST | MinReturn                -808.473
2018-11-27 04:39:25.724276 CST | AveragePolicyStd            1.0079
2018-11-27 04:39:25.724400 CST | LossBefore                  5.27378e-09
2018-11-27 04:39:25.724567 CST | LossAfter                  -0.320276
2018-11-27 04:39:25.724727 CST | MeanKLBefore                0
2018-11-27 04:39:25.724848 CST | MeanKL                      0.00866702
2018-11-27 04:39:25.724969 CST | dLoss                       0.320276
2018-11-27 04:39:25.725090 CST | Time                        3.42249
2018-11-27 04:39:25.725211 CST | ItrTime                     0.972268
2018-11-27 04:39:25.725331 CST | -----------------------  --------------
2018-11-27 04:39:25.725841 CST | itr #3 | Mem: 1267.710938
2018-11-27 04:39:25.726001 CST | itr #3 | Obtaining samples...
2018-11-27 04:39:25.726139 CST | itr #3 | Obtaining samples for iteration 3...
2018-11-27 04:39:26.497970 CST | itr #3 | Processing samples...
2018-11-27 04:39:26.499167 CST | itr #3 | fitting baseline...
2018-11-27 04:39:26.499954 CST | itr #3 | fitted
2018-11-27 04:39:26.500324 CST | itr #3 | Logging diagnostics...
2018-11-27 04:39:26.500639 CST | itr #3 | Optimizing policy...
2018-11-27 04:39:26.500857 CST | itr #3 | Computing loss before
2018-11-27 04:39:26.510249 CST | itr #3 | Computing KL before
2018-11-27 04:39:26.512188 CST | itr #3 | Optimizing
2018-11-27 04:39:26.556082 CST | itr #3 | Start CG optimization: #parameters: 6054, #inputs: 1080, #subsample_inputs: 1080
2018-11-27 04:39:26.591709 CST | itr #3 | computing loss before
2018-11-27 04:39:26.592873 CST | itr #3 | performing update
2018-11-27 04:39:26.593038 CST | itr #3 | computing gradient
2018-11-27 04:39:26.594244 CST | itr #3 | gradient computed
2018-11-27 04:39:26.594406 CST | itr #3 | computing descent direction
2018-11-27 04:39:26.652783 CST | itr #3 | descent direction computed
2018-11-27 04:39:26.656154 CST | itr #3 | backtrack iters: 1
2018-11-27 04:39:26.656318 CST | itr #3 | computing loss after
2018-11-27 04:39:26.656452 CST | itr #3 | optimization finished
2018-11-27 04:39:26.689662 CST | itr #3 | Computing KL after
2018-11-27 04:39:26.691117 CST | itr #3 | Computing loss after
2018-11-27 04:39:26.694107 CST | itr #3 | Saved
2018-11-27 04:39:26.694766 CST | -----------------------  --------------
2018-11-27 04:39:26.694930 CST | PolicyExecTime              0.48394
2018-11-27 04:39:26.695093 CST | EnvExecTime                 0.257919
2018-11-27 04:39:26.695252 CST | ProcessExecTime             0.0175543
2018-11-27 04:39:26.695409 CST | AbsLearnSignal              0.708074
2018-11-27 04:39:26.695537 CST | Iteration                   3
2018-11-27 04:39:26.695691 CST | AverageDiscountedReturn  -228.015
2018-11-27 04:39:26.695846 CST | AverageReturn            -418.071
2018-11-27 04:39:26.695972 CST | ExplainedVariance           0.647747
2018-11-27 04:39:26.696141 CST | NumTrajs                   13
2018-11-27 04:39:26.696264 CST | Entropy                     2.86062
2018-11-27 04:39:26.696387 CST | Perplexity                 17.4723
2018-11-27 04:39:26.696510 CST | StdReturn                 171.257
2018-11-27 04:39:26.696652 CST | MaxReturn                 -64.4106
2018-11-27 04:39:26.696777 CST | MinReturn                -709.627
2018-11-27 04:39:26.696901 CST | AveragePolicyStd            1.01144
2018-11-27 04:39:26.697023 CST | LossBefore                 -7.06425e-09
2018-11-27 04:39:26.697147 CST | LossAfter                  -0.0438782
2018-11-27 04:39:26.697270 CST | MeanKLBefore                0
2018-11-27 04:39:26.697393 CST | MeanKL                      0.00713212
2018-11-27 04:39:26.697515 CST | dLoss                       0.0438782
2018-11-27 04:39:26.697638 CST | Time                        4.39554
2018-11-27 04:39:26.697760 CST | ItrTime                     0.968471
2018-11-27 04:39:26.697883 CST | -----------------------  --------------
2018-11-27 04:39:26.698398 CST | itr #4 | Mem: 1267.710938
2018-11-27 04:39:26.698543 CST | itr #4 | Obtaining samples...
2018-11-27 04:39:26.698672 CST | itr #4 | Obtaining samples for iteration 4...
2018-11-27 04:39:27.466157 CST | itr #4 | Processing samples...
2018-11-27 04:39:27.467360 CST | itr #4 | fitting baseline...
2018-11-27 04:39:27.476173 CST | itr #4 | fitted
2018-11-27 04:39:27.477289 CST | itr #4 | Logging diagnostics...
2018-11-27 04:39:27.477619 CST | itr #4 | Optimizing policy...
2018-11-27 04:39:27.477841 CST | itr #4 | Computing loss before
2018-11-27 04:39:27.479756 CST | itr #4 | Computing KL before
2018-11-27 04:39:27.481010 CST | itr #4 | Optimizing
2018-11-27 04:39:27.522067 CST | itr #4 | Start CG optimization: #parameters: 6054, #inputs: 1089, #subsample_inputs: 1089
2018-11-27 04:39:27.557538 CST | itr #4 | computing loss before
2018-11-27 04:39:27.558767 CST | itr #4 | performing update
2018-11-27 04:39:27.558926 CST | itr #4 | computing gradient
2018-11-27 04:39:27.560202 CST | itr #4 | gradient computed
2018-11-27 04:39:27.560371 CST | itr #4 | computing descent direction
2018-11-27 04:39:27.619595 CST | itr #4 | descent direction computed
2018-11-27 04:39:27.621392 CST | itr #4 | backtrack iters: 0
2018-11-27 04:39:27.621553 CST | itr #4 | computing loss after
2018-11-27 04:39:27.621687 CST | itr #4 | optimization finished
2018-11-27 04:39:27.654825 CST | itr #4 | Computing KL after
2018-11-27 04:39:27.655993 CST | itr #4 | Computing loss after
2018-11-27 04:39:27.659195 CST | itr #4 | Saved
2018-11-27 04:39:27.659821 CST | -----------------------  --------------
2018-11-27 04:39:27.659967 CST | PolicyExecTime              0.487637
2018-11-27 04:39:27.660096 CST | EnvExecTime                 0.250439
2018-11-27 04:39:27.660222 CST | ProcessExecTime             0.0173321
2018-11-27 04:39:27.660362 CST | AbsLearnSignal              0.653563
2018-11-27 04:39:27.660560 CST | Iteration                   4
2018-11-27 04:39:27.660807 CST | AverageDiscountedReturn  -177.691
2018-11-27 04:39:27.660995 CST | AverageReturn            -330.733
2018-11-27 04:39:27.661122 CST | ExplainedVariance           0.704125
2018-11-27 04:39:27.661248 CST | NumTrajs                   13
2018-11-27 04:39:27.661404 CST | Entropy                     2.85108
2018-11-27 04:39:27.661570 CST | Perplexity                 17.3065
2018-11-27 04:39:27.661724 CST | StdReturn                 182.357
2018-11-27 04:39:27.661895 CST | MaxReturn                  41.571
2018-11-27 04:39:27.662102 CST | MinReturn                -665.313
2018-11-27 04:39:27.662394 CST | AveragePolicyStd            1.00667
2018-11-27 04:39:27.662593 CST | LossBefore                  7.00587e-09
2018-11-27 04:39:27.662748 CST | LossAfter                  -0.1117
2018-11-27 04:39:27.662915 CST | MeanKLBefore                0
2018-11-27 04:39:27.663069 CST | MeanKL                      0.00890442
2018-11-27 04:39:27.663242 CST | dLoss                       0.1117
2018-11-27 04:39:27.663367 CST | Time                        5.36063
2018-11-27 04:39:27.663490 CST | ItrTime                     0.960983
2018-11-27 04:39:27.663614 CST | -----------------------  --------------
2018-11-27 04:39:27.664194 CST | itr #5 | Mem: 1267.710938
2018-11-27 04:39:27.664368 CST | itr #5 | Obtaining samples...
2018-11-27 04:39:27.664519 CST | itr #5 | Obtaining samples for iteration 5...
2018-11-27 04:39:28.391499 CST | itr #5 | Processing samples...
2018-11-27 04:39:28.392634 CST | itr #5 | fitting baseline...
2018-11-27 04:39:28.393380 CST | itr #5 | fitted
2018-11-27 04:39:28.393763 CST | itr #5 | Logging diagnostics...
2018-11-27 04:39:28.394066 CST | itr #5 | Optimizing policy...
2018-11-27 04:39:28.394284 CST | itr #5 | Computing loss before
2018-11-27 04:39:28.411030 CST | itr #5 | Computing KL before
2018-11-27 04:39:28.413225 CST | itr #5 | Optimizing
2018-11-27 04:39:28.456008 CST | itr #5 | Start CG optimization: #parameters: 6054, #inputs: 1048, #subsample_inputs: 1048
2018-11-27 04:39:28.490971 CST | itr #5 | computing loss before
2018-11-27 04:39:28.492062 CST | itr #5 | performing update
2018-11-27 04:39:28.492228 CST | itr #5 | computing gradient
2018-11-27 04:39:28.493445 CST | itr #5 | gradient computed
2018-11-27 04:39:28.493608 CST | itr #5 | computing descent direction
2018-11-27 04:39:28.553735 CST | itr #5 | descent direction computed
2018-11-27 04:39:28.555550 CST | itr #5 | backtrack iters: 0
2018-11-27 04:39:28.555711 CST | itr #5 | computing loss after
2018-11-27 04:39:28.555844 CST | itr #5 | optimization finished
2018-11-27 04:39:28.589568 CST | itr #5 | Computing KL after
2018-11-27 04:39:28.590859 CST | itr #5 | Computing loss after
2018-11-27 04:39:28.594540 CST | itr #5 | Saved
2018-11-27 04:39:28.595235 CST | -----------------------  --------------
2018-11-27 04:39:28.595397 CST | PolicyExecTime              0.46111
2018-11-27 04:39:28.595555 CST | EnvExecTime                 0.238342
2018-11-27 04:39:28.595680 CST | ProcessExecTime             0.0158725
2018-11-27 04:39:28.595821 CST | AbsLearnSignal              0.643591
2018-11-27 04:39:28.595959 CST | Iteration                   5
2018-11-27 04:39:28.596112 CST | AverageDiscountedReturn  -213.621
2018-11-27 04:39:28.596265 CST | AverageReturn            -427.395
2018-11-27 04:39:28.596386 CST | ExplainedVariance          -0.0968557
2018-11-27 04:39:28.596507 CST | NumTrajs                   11
2018-11-27 04:39:28.596669 CST | Entropy                     2.85695
2018-11-27 04:39:28.596823 CST | Perplexity                 17.4083
2018-11-27 04:39:28.596975 CST | StdReturn                 181.109
2018-11-27 04:39:28.597097 CST | MaxReturn                -185.776
2018-11-27 04:39:28.597217 CST | MinReturn                -931.395
2018-11-27 04:39:28.597339 CST | AveragePolicyStd            1.00971
2018-11-27 04:39:28.597461 CST | LossBefore                 -2.72998e-09
2018-11-27 04:39:28.597582 CST | LossAfter                  -0.032711
2018-11-27 04:39:28.597703 CST | MeanKLBefore                0
2018-11-27 04:39:28.597823 CST | MeanKL                      0.00999216
2018-11-27 04:39:28.597944 CST | dLoss                       0.032711
2018-11-27 04:39:28.598064 CST | Time                        6.29601
2018-11-27 04:39:28.598184 CST | ItrTime                     0.93059
2018-11-27 04:39:28.598304 CST | -----------------------  --------------
2018-11-27 04:39:28.598834 CST | itr #6 | Mem: 1267.710938
2018-11-27 04:39:28.598977 CST | itr #6 | Obtaining samples...
2018-11-27 04:39:28.599105 CST | itr #6 | Obtaining samples for iteration 6...
2018-11-27 04:39:29.356328 CST | itr #6 | Processing samples...
2018-11-27 04:39:29.357495 CST | itr #6 | fitting baseline...
2018-11-27 04:39:29.358290 CST | itr #6 | fitted
2018-11-27 04:39:29.358662 CST | itr #6 | Logging diagnostics...
2018-11-27 04:39:29.358964 CST | itr #6 | Optimizing policy...
2018-11-27 04:39:29.359181 CST | itr #6 | Computing loss before
2018-11-27 04:39:29.364724 CST | itr #6 | Computing KL before
2018-11-27 04:39:29.365929 CST | itr #6 | Optimizing
2018-11-27 04:39:29.407146 CST | itr #6 | Start CG optimization: #parameters: 6054, #inputs: 1106, #subsample_inputs: 1106
2018-11-27 04:39:29.443923 CST | itr #6 | computing loss before
2018-11-27 04:39:29.445188 CST | itr #6 | performing update
2018-11-27 04:39:29.445354 CST | itr #6 | computing gradient
2018-11-27 04:39:29.446553 CST | itr #6 | gradient computed
2018-11-27 04:39:29.446726 CST | itr #6 | computing descent direction
2018-11-27 04:39:29.505925 CST | itr #6 | descent direction computed
2018-11-27 04:39:29.509480 CST | itr #6 | backtrack iters: 1
2018-11-27 04:39:29.509757 CST | itr #6 | computing loss after
2018-11-27 04:39:29.510017 CST | itr #6 | optimization finished
2018-11-27 04:39:29.553676 CST | itr #6 | Computing KL after
2018-11-27 04:39:29.554898 CST | itr #6 | Computing loss after
2018-11-27 04:39:29.558453 CST | itr #6 | Saved
2018-11-27 04:39:29.559191 CST | -----------------------  --------------
2018-11-27 04:39:29.559336 CST | PolicyExecTime              0.484857
2018-11-27 04:39:29.559464 CST | EnvExecTime                 0.243908
2018-11-27 04:39:29.559588 CST | ProcessExecTime             0.0167115
2018-11-27 04:39:29.559731 CST | AbsLearnSignal              0.327649
2018-11-27 04:39:29.559858 CST | Iteration                   6
2018-11-27 04:39:29.560041 CST | AverageDiscountedReturn  -205.605
2018-11-27 04:39:29.560180 CST | AverageReturn            -395.571
2018-11-27 04:39:29.560302 CST | ExplainedVariance           0.0797244
2018-11-27 04:39:29.560441 CST | NumTrajs                   12
2018-11-27 04:39:29.560636 CST | Entropy                     2.8585
2018-11-27 04:39:29.560805 CST | Perplexity                 17.4353
2018-11-27 04:39:29.560927 CST | StdReturn                 178.751
2018-11-27 04:39:29.561049 CST | MaxReturn                 -77.0541
2018-11-27 04:39:29.561170 CST | MinReturn                -625.541
2018-11-27 04:39:29.561292 CST | AveragePolicyStd            1.01043
2018-11-27 04:39:29.561415 CST | LossBefore                 -6.89819e-09
2018-11-27 04:39:29.561538 CST | LossAfter                  -0.0393052
2018-11-27 04:39:29.561660 CST | MeanKLBefore                0
2018-11-27 04:39:29.561782 CST | MeanKL                      0.00643247
2018-11-27 04:39:29.561903 CST | dLoss                       0.0393052
2018-11-27 04:39:29.562024 CST | Time                        7.25999
2018-11-27 04:39:29.562146 CST | ItrTime                     0.95991
2018-11-27 04:39:29.562267 CST | -----------------------  --------------
2018-11-27 04:39:29.562801 CST | itr #7 | Mem: 1267.710938
2018-11-27 04:39:29.562946 CST | itr #7 | Obtaining samples...
2018-11-27 04:39:29.563079 CST | itr #7 | Obtaining samples for iteration 7...
2018-11-27 04:39:30.285156 CST | itr #7 | Processing samples...
2018-11-27 04:39:30.286319 CST | itr #7 | fitting baseline...
2018-11-27 04:39:30.287102 CST | itr #7 | fitted
2018-11-27 04:39:30.287486 CST | itr #7 | Logging diagnostics...
2018-11-27 04:39:30.287790 CST | itr #7 | Optimizing policy...
2018-11-27 04:39:30.288010 CST | itr #7 | Computing loss before
2018-11-27 04:39:30.304710 CST | itr #7 | Computing KL before
2018-11-27 04:39:30.305857 CST | itr #7 | Optimizing
2018-11-27 04:39:30.350586 CST | itr #7 | Start CG optimization: #parameters: 6054, #inputs: 1026, #subsample_inputs: 1026
2018-11-27 04:39:30.384624 CST | itr #7 | computing loss before
2018-11-27 04:39:30.385798 CST | itr #7 | performing update
2018-11-27 04:39:30.385957 CST | itr #7 | computing gradient
2018-11-27 04:39:30.387288 CST | itr #7 | gradient computed
2018-11-27 04:39:30.387449 CST | itr #7 | computing descent direction
2018-11-27 04:39:30.458629 CST | itr #7 | descent direction computed
2018-11-27 04:39:30.463402 CST | itr #7 | backtrack iters: 2
2018-11-27 04:39:30.463587 CST | itr #7 | computing loss after
2018-11-27 04:39:30.463726 CST | itr #7 | optimization finished
2018-11-27 04:39:30.497396 CST | itr #7 | Computing KL after
2018-11-27 04:39:30.498499 CST | itr #7 | Computing loss after
2018-11-27 04:39:30.501730 CST | itr #7 | Saved
2018-11-27 04:39:30.502795 CST | -----------------------  --------------
2018-11-27 04:39:30.502992 CST | PolicyExecTime              0.457426
2018-11-27 04:39:30.503244 CST | EnvExecTime                 0.236894
2018-11-27 04:39:30.503495 CST | ProcessExecTime             0.0160441
2018-11-27 04:39:30.503748 CST | AbsLearnSignal              0.743634
2018-11-27 04:39:30.503995 CST | Iteration                   7
2018-11-27 04:39:30.504127 CST | AverageDiscountedReturn  -233.645
2018-11-27 04:39:30.504254 CST | AverageReturn            -451.812
2018-11-27 04:39:30.504379 CST | ExplainedVariance           0.815492
2018-11-27 04:39:30.504504 CST | NumTrajs                   11
2018-11-27 04:39:30.504635 CST | Entropy                     2.86112
2018-11-27 04:39:30.504759 CST | Perplexity                 17.4812
2018-11-27 04:39:30.504883 CST | StdReturn                 193.177
2018-11-27 04:39:30.505008 CST | MaxReturn                -113.395
2018-11-27 04:39:30.505132 CST | MinReturn                -762.626
2018-11-27 04:39:30.505255 CST | AveragePolicyStd            1.01173
2018-11-27 04:39:30.505378 CST | LossBefore                  1.85901e-09
2018-11-27 04:39:30.505502 CST | LossAfter                  -0.00193351
2018-11-27 04:39:30.505625 CST | MeanKLBefore                0
2018-11-27 04:39:30.505749 CST | MeanKL                      0.00423895
2018-11-27 04:39:30.505872 CST | dLoss                       0.00193351
2018-11-27 04:39:30.505995 CST | Time                        8.20326
2018-11-27 04:39:30.506118 CST | ItrTime                     0.939213
2018-11-27 04:39:30.506242 CST | -----------------------  --------------
2018-11-27 04:39:30.506749 CST | itr #8 | Mem: 1267.710938
2018-11-27 04:39:30.506896 CST | itr #8 | Obtaining samples...
2018-11-27 04:39:30.507029 CST | itr #8 | Obtaining samples for iteration 8...
2018-11-27 04:39:31.241108 CST | itr #8 | Processing samples...
2018-11-27 04:39:31.242273 CST | itr #8 | fitting baseline...
2018-11-27 04:39:31.255894 CST | itr #8 | fitted
2018-11-27 04:39:31.256318 CST | itr #8 | Logging diagnostics...
2018-11-27 04:39:31.256642 CST | itr #8 | Optimizing policy...
2018-11-27 04:39:31.256871 CST | itr #8 | Computing loss before
2018-11-27 04:39:31.258175 CST | itr #8 | Computing KL before
2018-11-27 04:39:31.259470 CST | itr #8 | Optimizing
2018-11-27 04:39:31.300824 CST | itr #8 | Start CG optimization: #parameters: 6054, #inputs: 1094, #subsample_inputs: 1094
2018-11-27 04:39:31.338857 CST | itr #8 | computing loss before
2018-11-27 04:39:31.339923 CST | itr #8 | performing update
2018-11-27 04:39:31.340088 CST | itr #8 | computing gradient
2018-11-27 04:39:31.341251 CST | itr #8 | gradient computed
2018-11-27 04:39:31.341417 CST | itr #8 | computing descent direction
2018-11-27 04:39:31.399370 CST | itr #8 | descent direction computed
2018-11-27 04:39:31.401231 CST | itr #8 | backtrack iters: 0
2018-11-27 04:39:31.401398 CST | itr #8 | computing loss after
2018-11-27 04:39:31.401532 CST | itr #8 | optimization finished
2018-11-27 04:39:31.434522 CST | itr #8 | Computing KL after
2018-11-27 04:39:31.435539 CST | itr #8 | Computing loss after
2018-11-27 04:39:31.439550 CST | itr #8 | Saved
2018-11-27 04:39:31.440276 CST | -----------------------  --------------
2018-11-27 04:39:31.440459 CST | PolicyExecTime              0.468784
2018-11-27 04:39:31.440656 CST | EnvExecTime                 0.237123
2018-11-27 04:39:31.440799 CST | ProcessExecTime             0.0164819
2018-11-27 04:39:31.440927 CST | AbsLearnSignal              0.342975
2018-11-27 04:39:31.441085 CST | Iteration                   8
2018-11-27 04:39:31.441253 CST | AverageDiscountedReturn  -233.266
2018-11-27 04:39:31.441377 CST | AverageReturn            -445.638
2018-11-27 04:39:31.441500 CST | ExplainedVariance          -0.735872
2018-11-27 04:39:31.441651 CST | NumTrajs                   12
2018-11-27 04:39:31.441773 CST | Entropy                     2.85944
2018-11-27 04:39:31.441895 CST | Perplexity                 17.4517
2018-11-27 04:39:31.442017 CST | StdReturn                 141.004
2018-11-27 04:39:31.442139 CST | MaxReturn                -108.213
2018-11-27 04:39:31.442261 CST | MinReturn                -591.11
2018-11-27 04:39:31.442439 CST | AveragePolicyStd            1.01085
2018-11-27 04:39:31.442594 CST | LossBefore                  3.48693e-09
2018-11-27 04:39:31.442761 CST | LossAfter                  -0.0370294
2018-11-27 04:39:31.442910 CST | MeanKLBefore                0
2018-11-27 04:39:31.443062 CST | MeanKL                      0.00875455
2018-11-27 04:39:31.443211 CST | dLoss                       0.0370294
2018-11-27 04:39:31.443359 CST | Time                        9.14104
2018-11-27 04:39:31.443506 CST | ItrTime                     0.93304
2018-11-27 04:39:31.443628 CST | -----------------------  --------------
2018-11-27 04:39:31.444231 CST | itr #9 | Mem: 1267.710938
2018-11-27 04:39:31.444388 CST | itr #9 | Obtaining samples...
2018-11-27 04:39:31.444520 CST | itr #9 | Obtaining samples for iteration 9...
2018-11-27 04:39:32.177043 CST | itr #9 | Processing samples...
2018-11-27 04:39:32.178213 CST | itr #9 | fitting baseline...
2018-11-27 04:39:32.178991 CST | itr #9 | fitted
2018-11-27 04:39:32.179372 CST | itr #9 | Logging diagnostics...
2018-11-27 04:39:32.179676 CST | itr #9 | Optimizing policy...
2018-11-27 04:39:32.179896 CST | itr #9 | Computing loss before
2018-11-27 04:39:32.187130 CST | itr #9 | Computing KL before
2018-11-27 04:39:32.188204 CST | itr #9 | Optimizing
2018-11-27 04:39:32.229272 CST | itr #9 | Start CG optimization: #parameters: 6054, #inputs: 1023, #subsample_inputs: 1023
2018-11-27 04:39:32.265958 CST | itr #9 | computing loss before
2018-11-27 04:39:32.267157 CST | itr #9 | performing update
2018-11-27 04:39:32.267320 CST | itr #9 | computing gradient
2018-11-27 04:39:32.268481 CST | itr #9 | gradient computed
2018-11-27 04:39:32.268656 CST | itr #9 | computing descent direction
2018-11-27 04:39:32.327542 CST | itr #9 | descent direction computed
2018-11-27 04:39:32.330982 CST | itr #9 | backtrack iters: 1
2018-11-27 04:39:32.331159 CST | itr #9 | computing loss after
2018-11-27 04:39:32.331298 CST | itr #9 | optimization finished
2018-11-27 04:39:32.364494 CST | itr #9 | Computing KL after
2018-11-27 04:39:32.365731 CST | itr #9 | Computing loss after
2018-11-27 04:39:32.369072 CST | itr #9 | Saved
2018-11-27 04:39:32.369927 CST | -----------------------  --------------
2018-11-27 04:39:32.370080 CST | PolicyExecTime              0.463967
2018-11-27 04:39:32.370224 CST | EnvExecTime                 0.240098
2018-11-27 04:39:32.370436 CST | ProcessExecTime             0.0165436
2018-11-27 04:39:32.370657 CST | AbsLearnSignal              0.745812
2018-11-27 04:39:32.370866 CST | Iteration                   9
2018-11-27 04:39:32.371027 CST | AverageDiscountedReturn  -217.068
2018-11-27 04:39:32.371222 CST | AverageReturn            -398.143
2018-11-27 04:39:32.371413 CST | ExplainedVariance           0.787195
2018-11-27 04:39:32.371585 CST | NumTrajs                   12
2018-11-27 04:39:32.371741 CST | Entropy                     2.8553
2018-11-27 04:39:32.371902 CST | Perplexity                 17.3796
2018-11-27 04:39:32.372058 CST | StdReturn                 202.442
2018-11-27 04:39:32.372196 CST | MaxReturn                 -94.2939
2018-11-27 04:39:32.372321 CST | MinReturn                -765.601
2018-11-27 04:39:32.372444 CST | AveragePolicyStd            1.00879
2018-11-27 04:39:32.372567 CST | LossBefore                 -7.45786e-09
2018-11-27 04:39:32.372722 CST | LossAfter                  -0.0252161
2018-11-27 04:39:32.372876 CST | MeanKLBefore                0
2018-11-27 04:39:32.373029 CST | MeanKL                      0.00685831
2018-11-27 04:39:32.373183 CST | dLoss                       0.0252161
2018-11-27 04:39:32.373335 CST | Time                       10.0705
2018-11-27 04:39:32.373489 CST | ItrTime                     0.925047
2018-11-27 04:39:32.373614 CST | -----------------------  --------------
2018-11-27 04:39:32.406759 CST | itr #10 | Mem: 1267.710938
2018-11-27 04:39:32.406954 CST | itr #10 | Obtaining samples...
2018-11-27 04:39:32.407092 CST | itr #10 | Obtaining samples for iteration 10...
2018-11-27 04:39:33.149352 CST | itr #10 | Processing samples...
2018-11-27 04:39:33.150456 CST | itr #10 | fitting baseline...
2018-11-27 04:39:33.151201 CST | itr #10 | fitted
2018-11-27 04:39:33.151576 CST | itr #10 | Logging diagnostics...
2018-11-27 04:39:33.151876 CST | itr #10 | Optimizing policy...
2018-11-27 04:39:33.152098 CST | itr #10 | Computing loss before
2018-11-27 04:39:33.159087 CST | itr #10 | Computing KL before
2018-11-27 04:39:33.160275 CST | itr #10 | Optimizing
2018-11-27 04:39:33.202007 CST | itr #10 | Start CG optimization: #parameters: 6054, #inputs: 1017, #subsample_inputs: 1017
2018-11-27 04:39:33.238346 CST | itr #10 | computing loss before
2018-11-27 04:39:33.239657 CST | itr #10 | performing update
2018-11-27 04:39:33.239815 CST | itr #10 | computing gradient
2018-11-27 04:39:33.241350 CST | itr #10 | gradient computed
2018-11-27 04:39:33.241509 CST | itr #10 | computing descent direction
2018-11-27 04:39:33.300768 CST | itr #10 | descent direction computed
2018-11-27 04:39:33.304013 CST | itr #10 | backtrack iters: 1
2018-11-27 04:39:33.304180 CST | itr #10 | computing loss after
2018-11-27 04:39:33.304315 CST | itr #10 | optimization finished
2018-11-27 04:39:33.337458 CST | itr #10 | Computing KL after
2018-11-27 04:39:33.338518 CST | itr #10 | Computing loss after
2018-11-27 04:39:33.341744 CST | itr #10 | Saved
2018-11-27 04:39:33.342391 CST | -----------------------  --------------
2018-11-27 04:39:33.342535 CST | PolicyExecTime              0.470551
2018-11-27 04:39:33.342662 CST | EnvExecTime                 0.242594
2018-11-27 04:39:33.342785 CST | ProcessExecTime             0.0170827
2018-11-27 04:39:33.342908 CST | AbsLearnSignal              0.432625
2018-11-27 04:39:33.343029 CST | Iteration                  10
2018-11-27 04:39:33.343155 CST | AverageDiscountedReturn  -202.539
2018-11-27 04:39:33.343297 CST | AverageReturn            -392.244
2018-11-27 04:39:33.343419 CST | ExplainedVariance           0.234645
2018-11-27 04:39:33.343540 CST | NumTrajs                   11
2018-11-27 04:39:33.343661 CST | Entropy                     2.86733
2018-11-27 04:39:33.343783 CST | Perplexity                 17.59
2018-11-27 04:39:33.343903 CST | StdReturn                 205.002
2018-11-27 04:39:33.344023 CST | MaxReturn                 -28.0479
2018-11-27 04:39:33.344144 CST | MinReturn                -644.855
2018-11-27 04:39:33.344265 CST | AveragePolicyStd            1.0149
2018-11-27 04:39:33.344385 CST | LossBefore                 -3.75093e-09
2018-11-27 04:39:33.344505 CST | LossAfter                  -0.0396159
2018-11-27 04:39:33.344665 CST | MeanKLBefore                0
2018-11-27 04:39:33.344833 CST | MeanKL                      0.0062346
2018-11-27 04:39:33.344957 CST | dLoss                       0.0396159
2018-11-27 04:39:33.345080 CST | Time                       11.0432
2018-11-27 04:39:33.345204 CST | ItrTime                     0.935172
2018-11-27 04:39:33.345328 CST | -----------------------  --------------
2018-11-27 04:39:33.345810 CST | itr #11 | Mem: 1267.710938
2018-11-27 04:39:33.345976 CST | itr #11 | Obtaining samples...
2018-11-27 04:39:33.346187 CST | itr #11 | Obtaining samples for iteration 11...
2018-11-27 04:39:34.146697 CST | itr #11 | Processing samples...
2018-11-27 04:39:34.147876 CST | itr #11 | fitting baseline...
2018-11-27 04:39:34.148683 CST | itr #11 | fitted
2018-11-27 04:39:34.149061 CST | itr #11 | Logging diagnostics...
2018-11-27 04:39:34.149369 CST | itr #11 | Optimizing policy...
2018-11-27 04:39:34.149589 CST | itr #11 | Computing loss before
2018-11-27 04:39:34.156835 CST | itr #11 | Computing KL before
2018-11-27 04:39:34.157823 CST | itr #11 | Optimizing
2018-11-27 04:39:34.199922 CST | itr #11 | Start CG optimization: #parameters: 6054, #inputs: 1121, #subsample_inputs: 1121
2018-11-27 04:39:34.236397 CST | itr #11 | computing loss before
2018-11-27 04:39:34.237564 CST | itr #11 | performing update
2018-11-27 04:39:34.237721 CST | itr #11 | computing gradient
2018-11-27 04:39:34.239141 CST | itr #11 | gradient computed
2018-11-27 04:39:34.239313 CST | itr #11 | computing descent direction
2018-11-27 04:39:34.299500 CST | itr #11 | descent direction computed
2018-11-27 04:39:34.302950 CST | itr #11 | backtrack iters: 1
2018-11-27 04:39:34.303118 CST | itr #11 | computing loss after
2018-11-27 04:39:34.303252 CST | itr #11 | optimization finished
2018-11-27 04:39:34.336924 CST | itr #11 | Computing KL after
2018-11-27 04:39:34.338296 CST | itr #11 | Computing loss after
2018-11-27 04:39:34.341684 CST | itr #11 | Saved
2018-11-27 04:39:34.342570 CST | -----------------------  --------------
2018-11-27 04:39:34.342719 CST | PolicyExecTime              0.50364
2018-11-27 04:39:34.342863 CST | EnvExecTime                 0.266315
2018-11-27 04:39:34.343018 CST | ProcessExecTime             0.0181766
2018-11-27 04:39:34.343156 CST | AbsLearnSignal              0.7421
2018-11-27 04:39:34.343328 CST | Iteration                  11
2018-11-27 04:39:34.343497 CST | AverageDiscountedReturn  -224.884
2018-11-27 04:39:34.343635 CST | AverageReturn            -442.188
2018-11-27 04:39:34.343756 CST | ExplainedVariance           0.773604
2018-11-27 04:39:34.343879 CST | NumTrajs                   12
2018-11-27 04:39:34.344020 CST | Entropy                     2.87157
2018-11-27 04:39:34.344199 CST | Perplexity                 17.6647
2018-11-27 04:39:34.344347 CST | StdReturn                 230.465
2018-11-27 04:39:34.344494 CST | MaxReturn                 -85.9482
2018-11-27 04:39:34.344661 CST | MinReturn                -728.037
2018-11-27 04:39:34.344824 CST | AveragePolicyStd            1.01702
2018-11-27 04:39:34.344971 CST | LossBefore                  1.19103e-08
2018-11-27 04:39:34.345118 CST | LossAfter                  -0.0287625
2018-11-27 04:39:34.345265 CST | MeanKLBefore                0
2018-11-27 04:39:34.345385 CST | MeanKL                      0.00720737
2018-11-27 04:39:34.345506 CST | dLoss                       0.0287625
2018-11-27 04:39:34.345626 CST | Time                       12.0432
2018-11-27 04:39:34.345746 CST | ItrTime                     0.996129
2018-11-27 04:39:34.345866 CST | -----------------------  --------------
2018-11-27 04:39:34.346411 CST | itr #12 | Mem: 1267.710938
2018-11-27 04:39:34.346552 CST | itr #12 | Obtaining samples...
2018-11-27 04:39:34.346706 CST | itr #12 | Obtaining samples for iteration 12...
2018-11-27 04:39:35.088416 CST | itr #12 | Processing samples...
2018-11-27 04:39:35.089592 CST | itr #12 | fitting baseline...
2018-11-27 04:39:35.094759 CST | itr #12 | fitted
2018-11-27 04:39:35.095164 CST | itr #12 | Logging diagnostics...
2018-11-27 04:39:35.095483 CST | itr #12 | Optimizing policy...
2018-11-27 04:39:35.095708 CST | itr #12 | Computing loss before
2018-11-27 04:39:35.101223 CST | itr #12 | Computing KL before
2018-11-27 04:39:35.102172 CST | itr #12 | Optimizing
2018-11-27 04:39:35.143886 CST | itr #12 | Start CG optimization: #parameters: 6054, #inputs: 1022, #subsample_inputs: 1022
2018-11-27 04:39:35.179597 CST | itr #12 | computing loss before
2018-11-27 04:39:35.180722 CST | itr #12 | performing update
2018-11-27 04:39:35.180890 CST | itr #12 | computing gradient
2018-11-27 04:39:35.182100 CST | itr #12 | gradient computed
2018-11-27 04:39:35.182258 CST | itr #12 | computing descent direction
2018-11-27 04:39:35.244565 CST | itr #12 | descent direction computed
2018-11-27 04:39:35.246329 CST | itr #12 | backtrack iters: 0
